1740449169195 0.38115331530570984 0
1740449169296 0.38115331530570984 1
1740449169418 0.38115331530570984 2
1740449169509 0.38115331530570984 3
1740449169601 0.38115331530570984 4
1740449169691 0.38115331530570984 5
1740449169784 0.38115331530570984 6
1740449169872 0.38115331530570984 7
1740449169963 0.38115331530570984 8
1740449170058 0.38115331530570984 9
1740449170150 0.38115331530570984 10
1740449170229 0.38115331530570984 11
1740449170336 0.38115331530570984 12
1740449170428 0.38115331530570984 13
1740449170518 0.38115331530570984 14
1740449170611 0.38115331530570984 15
1740449170702 0.38115331530570984 16
1740449170790 0.38115331530570984 17
1740449170885 0.38115331530570984 18
1740449170971 0.38115331530570984 19
1740449171061 0.38115331530570984 20
1740449171162 0.38115331530570984 21
1740449171254 0.38115331530570984 22
1740449171347 0.38115331530570984 23
1740449171438 0.38115331530570984 24
1740449171529 0.38115331530570984 25
1740449171618 0.38115331530570984 26
1740449171709 0.38115331530570984 27
1740449171802 0.38115331530570984 28
1740449171894 0.38115331530570984 29
1740449171991 0.38115331530570984 30
1740449172090 0.38115331530570984 31
1740449172192 0.38115331530570984 32
1740449172289 0.38115331530570984 33
1740449172388 0.38115331530570984 34
1740449172478 0.38115331530570984 35
1740449172568 0.38115331530570984 36
1740449172660 0.38115331530570984 37
1740449172749 0.38115331530570984 38
1740449172835 0.38115331530570984 39
1740449172933 0.38115331530570984 40
1740449173032 0.38115331530570984 41
1740449173128 0.38115331530570984 42
1740449173212 0.38115331530570984 43
1740449173314 0.38115331530570984 44
1740449173410 0.38115331530570984 45
1740449173507 0.38115331530570984 46
1740449173606 0.38115331530570984 47
1740449173703 0.38115331530570984 48
1740449173793 0.38115331530570984 49
1740449173894 0.38115331530570984 50
1740449173988 0.38115331530570984 51
1740449174088 0.38115331530570984 52
1740449174177 0.38115331530570984 53
1740449174278 0.38115331530570984 54
1740449174377 0.38115331530570984 55
1740449174478 0.38115331530570984 56
1740449174575 0.38115331530570984 57
1740449174667 0.38115331530570984 58
1740449174762 0.38115331530570984 59
1740449174860 0.38115331530570984 60
1740449174961 0.38115331530570984 61
1740449175061 0.38115331530570984 62
1740449175164 0.38115331530570984 63
1740449175265 0.38115331530570984 64
1740449175369 0.38115331530570984 65
1740449175470 0.38115331530570984 66
1740449175568 0.38115331530570984 67
1740449175660 0.38115331530570984 68
1740449175763 0.38115331530570984 69
1740449175860 0.38115331530570984 70
1740449175961 0.38115331530570984 71
1740449176058 0.38115331530570984 72
1740449176156 0.38115331530570984 73
1740449176245 0.38115331530570984 74
1740449176354 0.38115331530570984 75
1740449176443 0.38115331530570984 76
1740449176545 0.38115331530570984 77
1740449176640 0.38115331530570984 78
1740449176736 0.38115331530570984 79
1740449176827 0.38115331530570984 80
1740449176923 0.38115331530570984 81
1740449177015 0.38115331530570984 82
1740449177119 0.38115331530570984 83
1740449177229 0.38115331530570984 84
1740449177351 0.38115331530570984 85
1740449177452 0.38115331530570984 86
1740449177560 0.38115331530570984 87
1740449177663 0.38115331530570984 88
1740449177786 0.38115331530570984 89
1740449177888 0.38115331530570984 90
1740449177996 0.38115331530570984 91
1740449178105 0.38115331530570984 92
1740449178215 0.38115331530570984 93
1740449178343 0.38115331530570984 94
1740449178466 0.38115331530570984 95
1740449178576 0.38115331530570984 96
1740449178879 0.38115331530570984 97
1740449178984 0.38115331530570984 98
1740449179085 0.38115331530570984 99
1740449179177 0.38115331530570984 100
1740449179285 0.38115331530570984 101
1740449179393 0.38115331530570984 102
1740449179496 0.38115331530570984 103
1740449179596 0.38115331530570984 104
1740449179695 0.38115331530570984 105
1740449179798 0.38115331530570984 106
1740449179899 0.38115331530570984 107
1740449179997 0.38115331530570984 108
1740449180093 0.38115331530570984 109
1740449180196 0.38115331530570984 110
1740449180309 0.38115331530570984 111
1740449180416 0.38115331530570984 112
1740449180514 0.38115331530570984 113
1740449180631 0.38115331530570984 114
1740449180729 0.38115331530570984 115
1740449180847 0.38115331530570984 116
1740449180953 0.38115331530570984 117
1740449181067 0.38115331530570984 118
1740449181166 0.38115331530570984 119
1740449181281 0.38115331530570984 120
1740449181391 0.38115331530570984 121
1740449181480 0.38115331530570984 122
1740449181584 0.38115331530570984 123
1740449181695 0.38115331530570984 124
1740449181795 0.38115331530570984 125
1740449181899 0.38115331530570984 126
1740449181999 0.38115331530570984 127
1740449182101 0.38115331530570984 128
1740449182200 0.38115331530570984 129
1740449182308 0.38115331530570984 130
1740449182412 0.38115331530570984 131
1740449182517 0.38115331530570984 132
1740449182614 0.38115331530570984 133
1740449182716 0.38115331530570984 134
1740449182815 0.38115331530570984 135
1740449182924 0.38115331530570984 136
1740449183033 0.38115331530570984 137
1740449183134 0.38115331530570984 138
1740449183234 0.38115331530570984 139
1740449183330 0.38115331530570984 140
1740449183445 0.38115331530570984 141
1740449183553 0.38115331530570984 142
1740449183651 0.38115331530570984 143
1740449183765 0.38115331530570984 144
1740449183865 0.38115331530570984 145
1740449183980 0.38115331530570984 146
1740449184084 0.38115331530570984 147
1740449184195 0.38115331530570984 148
1740449184301 0.38115331530570984 149
1740449184399 0.38115331530570984 150
1740449184499 0.38115331530570984 151
1740449184609 0.38115331530570984 152
1740449184716 0.38115331530570984 153
1740449184813 0.38115331530570984 154
1740449184933 0.38115331530570984 155
1740449185029 0.38115331530570984 156
1740449185131 0.38115331530570984 157
1740449185228 0.38115331530570984 158
1740449185328 0.38115331530570984 159
1740449185445 0.38115331530570984 160
1740449185543 0.38115331530570984 161
1740449185650 0.38115331530570984 162
1740449185746 0.38115331530570984 163
1740449185863 0.38115331530570984 164
1740449185968 0.38115331530570984 165
1740449186076 0.38115331530570984 166
1740449186180 0.38115331530570984 167
1740449186280 0.38115331530570984 168
1740449186403 0.38115331530570984 169
1740449186511 0.38115331530570984 170
1740449186611 0.38115331530570984 171
1740449186709 0.38115331530570984 172
1740449186809 0.38115331530570984 173
1740449186894 0.38115331530570984 174
1740449187008 0.38115331530570984 175
1740449187113 0.38115331530570984 176
1740449187228 0.38115331530570984 177
1740449187326 0.38115331530570984 178
1740449187433 0.38115331530570984 179
1740449187530 0.38115331530570984 180
1740449187631 0.38115331530570984 181
1740449187733 0.38115331530570984 182
1740449187832 0.38115331530570984 183
1740449187933 0.38115331530570984 184
1740449188040 0.38115331530570984 185
1740449188145 0.38115331530570984 186
1740449188244 0.38115331530570984 187
1740449188345 0.38115331530570984 188
1740449188447 0.38115331530570984 189
1740449188564 0.38115331530570984 190
1740449188680 0.38115331530570984 191
1740449188790 0.38115331530570984 192
1740449188895 0.38115331530570984 193
1740449189000 0.38115331530570984 194
1740449189105 0.38115331530570984 195
1740449189209 0.38115331530570984 196
1740449189313 0.38115331530570984 197
1740449189418 0.38115331530570984 198
1740449189514 0.38115331530570984 199
