1740449169195 0.5519347786903381 0
1740449169296 0.5519347786903381 1
1740449169418 0.5519347786903381 2
1740449169509 0.5519347786903381 3
1740449169601 0.5519347786903381 4
1740449169691 0.5519347786903381 5
1740449169784 0.5519347786903381 6
1740449169872 0.5519347786903381 7
1740449169963 0.5519347786903381 8
1740449170058 0.5519347786903381 9
1740449170150 0.5519347786903381 10
1740449170229 0.5519347786903381 11
1740449170336 0.5519347786903381 12
1740449170428 0.5519347786903381 13
1740449170518 0.5519347786903381 14
1740449170611 0.5519347786903381 15
1740449170702 0.5519347786903381 16
1740449170790 0.5519347786903381 17
1740449170885 0.5519347786903381 18
1740449170971 0.5519347786903381 19
1740449171061 0.5519347786903381 20
1740449171162 0.5519347786903381 21
1740449171254 0.5519347786903381 22
1740449171347 0.5519347786903381 23
1740449171438 0.5519347786903381 24
1740449171529 0.5519347786903381 25
1740449171618 0.5519347786903381 26
1740449171709 0.5519347786903381 27
1740449171802 0.5519347786903381 28
1740449171894 0.5519347786903381 29
1740449171991 0.5519347786903381 30
1740449172090 0.5519347786903381 31
1740449172192 0.5519347786903381 32
1740449172289 0.5519347786903381 33
1740449172388 0.5519347786903381 34
1740449172478 0.5519347786903381 35
1740449172568 0.5519347786903381 36
1740449172660 0.5519347786903381 37
1740449172749 0.5519347786903381 38
1740449172835 0.5519347786903381 39
1740449172933 0.5519347786903381 40
1740449173032 0.5519347786903381 41
1740449173128 0.5519347786903381 42
1740449173212 0.5519347786903381 43
1740449173314 0.5519347786903381 44
1740449173410 0.5519347786903381 45
1740449173507 0.5519347786903381 46
1740449173606 0.5519347786903381 47
1740449173703 0.5519347786903381 48
1740449173793 0.5519347786903381 49
1740449173894 0.5519347786903381 50
1740449173988 0.5519347786903381 51
1740449174088 0.5519347786903381 52
1740449174177 0.5519347786903381 53
1740449174278 0.5519347786903381 54
1740449174377 0.5519347786903381 55
1740449174478 0.5519347786903381 56
1740449174575 0.5519347786903381 57
1740449174667 0.5519347786903381 58
1740449174762 0.5519347786903381 59
1740449174860 0.5519347786903381 60
1740449174961 0.5519347786903381 61
1740449175061 0.5519347786903381 62
1740449175164 0.5519347786903381 63
1740449175265 0.5519347786903381 64
1740449175369 0.5519347786903381 65
1740449175470 0.5519347786903381 66
1740449175568 0.5519347786903381 67
1740449175660 0.5519347786903381 68
1740449175763 0.5519347786903381 69
1740449175860 0.5519347786903381 70
1740449175961 0.5519347786903381 71
1740449176058 0.5519347786903381 72
1740449176156 0.5519347786903381 73
1740449176245 0.5519347786903381 74
1740449176354 0.5519347786903381 75
1740449176443 0.5519347786903381 76
1740449176545 0.5519347786903381 77
1740449176640 0.5519347786903381 78
1740449176736 0.5519347786903381 79
1740449176827 0.5519347786903381 80
1740449176923 0.5519347786903381 81
1740449177015 0.5519347786903381 82
1740449177119 0.5519347786903381 83
1740449177229 0.5519347786903381 84
1740449177351 0.5519347786903381 85
1740449177452 0.5519347786903381 86
1740449177560 0.5519347786903381 87
1740449177663 0.5519347786903381 88
1740449177786 0.5519347786903381 89
1740449177888 0.5519347786903381 90
1740449177996 0.5519347786903381 91
1740449178105 0.5519347786903381 92
1740449178215 0.5519347786903381 93
1740449178343 0.5519347786903381 94
1740449178466 0.5519347786903381 95
1740449178576 0.5519347786903381 96
1740449178879 0.5519347786903381 97
1740449178984 0.5519347786903381 98
1740449179085 0.5519347786903381 99
1740449179177 0.5519347786903381 100
1740449179285 0.5519347786903381 101
1740449179393 0.5519347786903381 102
1740449179496 0.5519347786903381 103
1740449179596 0.5519347786903381 104
1740449179695 0.5519347786903381 105
1740449179798 0.5519347786903381 106
1740449179899 0.5519347786903381 107
1740449179997 0.5519347786903381 108
1740449180093 0.5519347786903381 109
1740449180196 0.5519347786903381 110
1740449180309 0.5519347786903381 111
1740449180416 0.5519347786903381 112
1740449180514 0.5519347786903381 113
1740449180631 0.5519347786903381 114
1740449180729 0.5519347786903381 115
1740449180847 0.5519347786903381 116
1740449180953 0.5519347786903381 117
1740449181067 0.5519347786903381 118
1740449181166 0.5519347786903381 119
1740449181281 0.5519347786903381 120
1740449181391 0.5519347786903381 121
1740449181480 0.5519347786903381 122
1740449181584 0.5519347786903381 123
1740449181695 0.5519347786903381 124
1740449181795 0.5519347786903381 125
1740449181899 0.5519347786903381 126
1740449181999 0.5519347786903381 127
1740449182101 0.5519347786903381 128
1740449182200 0.5519347786903381 129
1740449182308 0.5519347786903381 130
1740449182412 0.5519347786903381 131
1740449182517 0.5519347786903381 132
1740449182614 0.5519347786903381 133
1740449182716 0.5519347786903381 134
1740449182815 0.5519347786903381 135
1740449182924 0.5519347786903381 136
1740449183033 0.5519347786903381 137
1740449183134 0.5519347786903381 138
1740449183234 0.5519347786903381 139
1740449183330 0.5519347786903381 140
1740449183445 0.5519347786903381 141
1740449183553 0.5519347786903381 142
1740449183651 0.5519347786903381 143
1740449183765 0.5519347786903381 144
1740449183865 0.5519347786903381 145
1740449183980 0.5519347786903381 146
1740449184084 0.5519347786903381 147
1740449184195 0.5519347786903381 148
1740449184301 0.5519347786903381 149
1740449184399 0.5519347786903381 150
1740449184499 0.5519347786903381 151
1740449184609 0.5519347786903381 152
1740449184716 0.5519347786903381 153
1740449184813 0.5519347786903381 154
1740449184933 0.5519347786903381 155
1740449185029 0.5519347786903381 156
1740449185131 0.5519347786903381 157
1740449185228 0.5519347786903381 158
1740449185328 0.5519347786903381 159
1740449185445 0.5519347786903381 160
1740449185543 0.5519347786903381 161
1740449185650 0.5519347786903381 162
1740449185746 0.5519347786903381 163
1740449185863 0.5519347786903381 164
1740449185968 0.5519347786903381 165
1740449186076 0.5519347786903381 166
1740449186180 0.5519347786903381 167
1740449186280 0.5519347786903381 168
1740449186403 0.5519347786903381 169
1740449186511 0.5519347786903381 170
1740449186611 0.5519347786903381 171
1740449186709 0.5519347786903381 172
1740449186809 0.5519347786903381 173
1740449186894 0.5519347786903381 174
1740449187008 0.5519347786903381 175
1740449187113 0.5519347786903381 176
1740449187228 0.5519347786903381 177
1740449187326 0.5519347786903381 178
1740449187433 0.5519347786903381 179
1740449187530 0.5519347786903381 180
1740449187631 0.5519347786903381 181
1740449187733 0.5519347786903381 182
1740449187832 0.5519347786903381 183
1740449187933 0.5519347786903381 184
1740449188040 0.5519347786903381 185
1740449188145 0.5519347786903381 186
1740449188244 0.5519347786903381 187
1740449188345 0.5519347786903381 188
1740449188447 0.5519347786903381 189
1740449188564 0.5519347786903381 190
1740449188680 0.5519347786903381 191
1740449188790 0.5519347786903381 192
1740449188895 0.5519347786903381 193
1740449189000 0.5519347786903381 194
1740449189105 0.5519347786903381 195
1740449189209 0.5519347786903381 196
1740449189313 0.5519347786903381 197
1740449189418 0.5519347786903381 198
1740449189514 0.5519347786903381 199
