1740449169195 11.848286628723145 0
1740449169296 11.688800811767578 1
1740449169418 11.539186477661133 2
1740449169509 11.399609565734863 3
1740449169601 11.269962310791016 4
1740449169691 11.149954795837402 5
1740449169784 11.039155960083008 6
1740449169872 10.937055587768555 7
1740449169963 10.84310245513916 8
1740449170058 10.756738662719727 9
1740449170150 10.677420616149902 10
1740449170229 10.604625701904297 11
1740449170336 10.537862777709961 12
1740449170428 10.476673126220703 13
1740449170518 10.420625686645508 14
1740449170611 10.3693265914917 15
1740449170702 10.322403907775879 16
1740449170790 10.279516220092773 17
1740449170885 10.240347862243652 18
1740449170971 10.20460319519043 19
1740449171061 10.172009468078613 20
1740449171162 10.142313957214355 21
1740449171254 10.115283012390137 22
1740449171347 10.0906982421875 23
1740449171438 10.068358421325684 24
1740449171529 10.048075675964355 25
1740449171618 10.029681205749512 26
1740449171709 10.01301097869873 27
1740449171802 9.997920036315918 28
1740449171894 9.984271049499512 29
1740449171991 9.971938133239746 30
1740449172090 9.96080493927002 31
1740449172192 9.950765609741211 32
1740449172289 9.941720008850098 33
1740449172388 9.93358039855957 34
1740449172478 9.926260948181152 35
1740449172568 9.919685363769531 36
1740449172660 9.913786888122559 37
1740449172749 9.908495903015137 38
1740449172835 9.90376091003418 39
1740449172933 9.89952278137207 40
1740449173032 9.895734786987305 41
1740449173128 9.892352104187012 42
1740449173212 9.889335632324219 43
1740449173314 9.886646270751953 44
1740449173410 9.884251594543457 45
1740449173507 9.882121086120605 46
1740449173606 9.880228042602539 47
1740449173703 9.878548622131348 48
1740449173793 9.877057075500488 49
1740449173894 9.87573528289795 50
1740449173988 9.874564170837402 51
1740449174088 9.873529434204102 52
1740449174177 9.872612953186035 53
1740449174278 9.871803283691406 54
1740449174377 9.871088981628418 55
1740449174478 9.870458602905273 56
1740449174575 9.869903564453125 57
1740449174667 9.869414329528809 58
1740449174762 9.868983268737793 59
1740449174860 9.868603706359863 60
1740449174961 9.868270874023438 61
1740449175061 9.8679780960083 62
1740449175164 9.867718696594238 63
1740449175265 9.8674955368042 64
1740449175369 9.86729621887207 65
1740449175470 9.867122650146484 66
1740449175568 9.86697006225586 67
1740449175660 9.866835594177246 68
1740449175763 9.866718292236328 69
1740449175860 9.866616249084473 70
1740449175961 9.86652660369873 71
1740449176058 9.866447448730469 72
1740449176156 9.866378784179688 73
1740449176245 9.866317749023438 74
1740449176354 9.866265296936035 75
1740449176443 9.866219520568848 76
1740449176545 9.866177558898926 77
1740449176640 9.866143226623535 78
1740449176736 9.866111755371094 79
1740449176827 9.866084098815918 80
1740449176923 9.866061210632324 81
1740449177015 9.866040229797363 82
1740449177119 9.866022109985352 83
1740449177229 9.866005897521973 84
1740449177351 9.865992546081543 85
1740449177452 9.865979194641113 86
1740449177560 9.865968704223633 87
1740449177663 9.865958213806152 88
1740449177786 9.865950584411621 89
1740449177888 9.865943908691406 90
1740449177996 9.865937232971191 91
1740449178105 9.86593246459961 92
1740449178215 9.865927696228027 93
1740449178343 9.865922927856445 94
1740449178466 9.86591911315918 95
1740449178576 9.865915298461914 96
1740449178879 9.865913391113281 97
1740449178984 9.865910530090332 98
1740449179085 9.865907669067383 99
1740449179177 9.86590576171875 100
1740449179285 9.865904808044434 101
1740449179393 9.8659029006958 102
1740449179496 9.865900993347168 103
1740449179596 9.865900039672852 104
1740449179695 9.865899085998535 105
1740449179798 9.865898132324219 106
1740449179899 9.865898132324219 107
1740449179997 9.865897178649902 108
1740449180093 9.865897178649902 109
1740449180196 9.865896224975586 110
1740449180309 9.86589527130127 111
1740449180416 9.86589527130127 112
1740449180514 9.86589527130127 113
1740449180631 9.86589527130127 114
1740449180729 9.86589527130127 115
1740449180847 9.865894317626953 116
1740449180953 9.865893363952637 117
1740449181067 9.865893363952637 118
1740449181166 9.865893363952637 119
1740449181281 9.865893363952637 120
1740449181391 9.865893363952637 121
1740449181480 9.865893363952637 122
1740449181584 9.865893363952637 123
1740449181695 9.86589241027832 124
1740449181795 9.86589241027832 125
1740449181899 9.86589241027832 126
1740449181999 9.86589241027832 127
1740449182101 9.86589241027832 128
1740449182200 9.86589241027832 129
1740449182308 9.86589241027832 130
1740449182412 9.86589241027832 131
1740449182517 9.86589241027832 132
1740449182614 9.86589241027832 133
1740449182716 9.86589241027832 134
1740449182815 9.86589241027832 135
1740449182924 9.86589241027832 136
1740449183033 9.86589241027832 137
1740449183134 9.86589241027832 138
1740449183234 9.86589241027832 139
1740449183330 9.86589241027832 140
1740449183445 9.86589241027832 141
1740449183553 9.86589241027832 142
1740449183651 9.86589241027832 143
1740449183765 9.86589241027832 144
1740449183865 9.86589241027832 145
1740449183980 9.86589241027832 146
1740449184084 9.86589241027832 147
1740449184195 9.86589241027832 148
1740449184301 9.86589241027832 149
1740449184399 9.86589241027832 150
1740449184499 9.86589241027832 151
1740449184609 9.86589241027832 152
1740449184716 9.86589241027832 153
1740449184813 9.86589241027832 154
1740449184933 9.86589241027832 155
1740449185029 9.86589241027832 156
1740449185131 9.86589241027832 157
1740449185228 9.86589241027832 158
1740449185328 9.86589241027832 159
1740449185445 9.86589241027832 160
1740449185543 9.86589241027832 161
1740449185650 9.86589241027832 162
1740449185746 9.86589241027832 163
1740449185863 9.86589241027832 164
1740449185968 9.86589241027832 165
1740449186076 9.86589241027832 166
1740449186180 9.86589241027832 167
1740449186280 9.86589241027832 168
1740449186403 9.86589241027832 169
1740449186511 9.86589241027832 170
1740449186611 9.86589241027832 171
1740449186709 9.86589241027832 172
1740449186809 9.86589241027832 173
1740449186894 9.86589241027832 174
1740449187008 9.86589241027832 175
1740449187113 9.86589241027832 176
1740449187228 9.86589241027832 177
1740449187326 9.86589241027832 178
1740449187433 9.86589241027832 179
1740449187530 9.86589241027832 180
1740449187631 9.86589241027832 181
1740449187733 9.86589241027832 182
1740449187832 9.86589241027832 183
1740449187933 9.86589241027832 184
1740449188040 9.86589241027832 185
1740449188145 9.86589241027832 186
1740449188244 9.86589241027832 187
1740449188345 9.86589241027832 188
1740449188447 9.86589241027832 189
1740449188564 9.86589241027832 190
1740449188680 9.86589241027832 191
1740449188790 9.86589241027832 192
1740449188895 9.86589241027832 193
1740449189000 9.86589241027832 194
1740449189105 9.86589241027832 195
1740449189209 9.86589241027832 196
1740449189313 9.86589241027832 197
1740449189418 9.86589241027832 198
1740449189514 9.86589241027832 199
