1740456659177 0.48523205518722534 0
1740456659288 0.5935302376747131 1
1740456659404 0.6061884760856628 2
1740456659502 0.607594907283783 3
1740456659608 0.6315048933029175 4
1740456659710 0.6413502097129822 5
1740456659806 0.6441631317138672 6
1740456659914 0.6736990213394165 7
1740456660019 0.7187060713768005 8
1740456660143 0.7341772317886353 9
1740456660270 0.7904360294342041 10
1740456660403 0.7932489514350891 11
1740456660533 0.7890295386314392 12
1740456660636 0.794655442237854 13
1740456660739 0.7988747954368591 14
1740456660844 0.7890295386314392 15
1740456660953 0.7988747954368591 16
1740456661071 0.8143460154533386 17
1740456661172 0.8157524466514587 18
1740456661271 0.8045006990432739 19
1740456661370 0.8171589374542236 20
1740456661484 0.8045006990432739 21
1740456661585 0.8115330338478088 22
1740456661688 0.8143460154533386 23
1740456661787 0.8143460154533386 24
1740456661891 0.8101266026496887 25
1740456661985 0.8326300978660583 26
1740456662089 0.8241912722587585 27
1740456662189 0.8227847814559937 28
1740456662285 0.8255977630615234 29
1740456662406 0.8326300978660583 30
1740456662506 0.8213783502578735 31
1740456662605 0.8241912722587585 32
1740456662720 0.8171589374542236 33
1740456662823 0.8185654282569885 34
1740456662924 0.8312236070632935 35
1740456663032 0.8326300978660583 36
1740456663133 0.8368495106697083 37
1740456663220 0.8326300978660583 38
1740456663333 0.8438818454742432 39
1740456663435 0.8255977630615234 40
1740456663536 0.8382560014724731 41
1740456663639 0.8284106850624084 42
1740456663735 0.8241912722587585 43
1740456663840 0.8255977630615234 44
1740456663968 0.8410689234733582 45
1740456664095 0.8382560014724731 46
1740456664215 0.8298171758651733 47
1740456664335 0.8368495106697083 48
1740456664455 0.8298171758651733 49
1740456664557 0.8537271618843079 50
1740456664672 0.8340365886688232 51
1740456664786 0.8452883362770081 52
1740456664904 0.8241912722587585 53
1740456665017 0.8452883362770081 54
1740456665121 0.8326300978660583 55
1740456665222 0.8410689234733582 56
1740456665336 0.8354430198669434 57
1740456665446 0.8255977630615234 58
1740456665557 0.8340365886688232 59
1740456665656 0.8270041942596436 60
1740456665770 0.8326300978660583 61
1740456665868 0.8326300978660583 62
