1740456659177 0.5519347786903381 0
1740456659288 0.5519347786903381 1
1740456659404 0.5519347786903381 2
1740456659502 0.5519347786903381 3
1740456659608 0.5519347786903381 4
1740456659710 0.5519347786903381 5
1740456659806 0.5519347786903381 6
1740456659914 0.5519347786903381 7
1740456660019 0.5519347786903381 8
1740456660143 0.5519347786903381 9
1740456660270 0.5519347786903381 10
1740456660403 0.5519347786903381 11
1740456660533 0.5519347786903381 12
1740456660636 0.5519347786903381 13
1740456660739 0.5519347786903381 14
1740456660844 0.5519347786903381 15
1740456660953 0.5519347786903381 16
1740456661071 0.5519347786903381 17
1740456661172 0.5519347786903381 18
1740456661271 0.5519347786903381 19
1740456661370 0.5519347786903381 20
1740456661484 0.5519347786903381 21
1740456661585 0.5519347786903381 22
1740456661688 0.5519347786903381 23
1740456661787 0.5519347786903381 24
1740456661891 0.5519347786903381 25
1740456661985 0.5519347786903381 26
1740456662089 0.5519347786903381 27
1740456662189 0.5519347786903381 28
1740456662285 0.5519347786903381 29
1740456662406 0.5519347786903381 30
1740456662506 0.5519347786903381 31
1740456662605 0.5519347786903381 32
1740456662720 0.5519347786903381 33
1740456662823 0.5519347786903381 34
1740456662924 0.5519347786903381 35
1740456663032 0.5519347786903381 36
1740456663133 0.5519347786903381 37
1740456663220 0.5519347786903381 38
1740456663333 0.5519347786903381 39
1740456663435 0.5519347786903381 40
1740456663536 0.5519347786903381 41
1740456663639 0.5519347786903381 42
1740456663735 0.5519347786903381 43
1740456663840 0.5519347786903381 44
1740456663968 0.5519347786903381 45
1740456664095 0.5519347786903381 46
1740456664215 0.5519347786903381 47
1740456664335 0.5519347786903381 48
1740456664455 0.5519347786903381 49
1740456664557 0.5519347786903381 50
1740456664672 0.5519347786903381 51
1740456664786 0.5519347786903381 52
1740456664904 0.5519347786903381 53
1740456665017 0.5519347786903381 54
1740456665121 0.5519347786903381 55
1740456665222 0.5519347786903381 56
1740456665336 0.5519347786903381 57
1740456665446 0.5519347786903381 58
1740456665557 0.5519347786903381 59
1740456665656 0.5519347786903381 60
1740456665770 0.5519347786903381 61
1740456665868 0.5519347786903381 62
