1740456659177 3.9049458503723145 0
1740456659288 3.6488051414489746 1
1740456659404 3.410996437072754 2
1740456659502 3.1882104873657227 3
1740456659608 2.980071783065796 4
1740456659710 2.7777750492095947 5
1740456659806 2.596526622772217 6
1740456659914 2.411017894744873 7
1740456660019 2.2609758377075195 8
1740456660143 2.1011555194854736 9
1740456660270 1.9639829397201538 10
1740456660403 1.8414835929870605 11
1740456660533 1.7281583547592163 12
1740456660636 1.6133476495742798 13
1740456660739 1.52536141872406 14
1740456660844 1.4287794828414917 15
1740456660953 1.3547571897506714 16
1740456661071 1.2851307392120361 17
1740456661172 1.205725908279419 18
1740456661271 1.1572855710983276 19
1740456661370 1.1087138652801514 20
1740456661484 1.0514435768127441 21
1740456661585 1.0230743885040283 22
1740456661688 0.959218442440033 23
1740456661787 0.9325016140937805 24
1740456661891 0.8830156326293945 25
1740456661985 0.8407628536224365 26
1740456662089 0.8351156115531921 27
1740456662189 0.8106196522712708 28
1740456662285 0.7797982096672058 29
1740456662406 0.7587689161300659 30
1740456662506 0.7521982192993164 31
1740456662605 0.722063422203064 32
1740456662720 0.6996382474899292 33
1740456662823 0.688892126083374 34
1740456662924 0.668142557144165 35
1740456663032 0.6517373919487 36
1740456663133 0.6500073075294495 37
1740456663220 0.6376186013221741 38
1740456663333 0.6221417784690857 39
1740456663435 0.6215060353279114 40
1740456663536 0.6224201917648315 41
1740456663639 0.6059536933898926 42
1740456663735 0.6053082346916199 43
1740456663840 0.5945811867713928 44
1740456663968 0.5967943072319031 45
1740456664095 0.5773439407348633 46
1740456664215 0.58659428358078 47
1740456664335 0.5763481855392456 48
1740456664455 0.5809560418128967 49
1740456664557 0.5630062818527222 50
1740456664672 0.577292263507843 51
1740456664786 0.5475373864173889 52
1740456664904 0.5633527040481567 53
1740456665017 0.5552202463150024 54
1740456665121 0.5496161580085754 55
1740456665222 0.5591814517974854 56
1740456665336 0.5501390695571899 57
1740456665446 0.5450482368469238 58
1740456665557 0.5450159907341003 59
1740456665656 0.5378064513206482 60
1740456665770 0.551792323589325 61
1740456665868 0.5454387664794922 62
