1740455460964 0.4289732873439789 0
1740455461065 0.6244725584983826 1
1740455461159 0.7018284201622009 2
1740455461283 0.6990154981613159 3
1740455461387 0.7215189933776855 4
1740455461480 0.7271448373794556 5
1740455461580 0.7398030757904053 6
1740455461686 0.7721518874168396 7
1740455461798 0.7848101258277893 8
1740455461931 0.7918424606323242 9
1740455462045 0.803094208240509 10
1740455462166 0.8045006990432739 11
1740455462279 0.8115330338478088 12
1740455462395 0.8045006990432739 13
1740455462493 0.8059071898460388 14
1740455462605 0.8213783502578735 15
1740455462692 0.8199718594551086 16
1740455462799 0.8199718594551086 17
1740455463230 0.8171589374542236 18
1740455463327 0.8270041942596436 19
1740455463436 0.8396624326705933 20
1740455463530 0.8213783502578735 21
1740455463628 0.8227847814559937 22
1740455463727 0.8481012582778931 23
1740455463833 0.8396624326705933 24
1740455463941 0.8312236070632935 25
1740455464042 0.8284106850624084 26
1740455464133 0.8382560014724731 27
1740455464229 0.8227847814559937 28
1740455464340 0.8326300978660583 29
1740455464433 0.842475414276123 30
1740455464544 0.849507749080658 31
1740455464645 0.8382560014724731 32
1740455464733 0.8340365886688232 33
1740455464848 0.8255977630615234 34
1740455464957 0.8185654282569885 35
1740455465049 0.8171589374542236 36
1740455465182 0.8284106850624084 37
1740455465280 0.8312236070632935 38
1740455465400 0.842475414276123 39
1740455465501 0.8255977630615234 40
1740455465609 0.8368495106697083 41
1740455465712 0.852320671081543 42
1740455465818 0.8382560014724731 43
1740455465910 0.8354430198669434 44
1740455466031 0.8227847814559937 45
1740455466131 0.8382560014724731 46
1740455466243 0.8368495106697083 47
1740455466338 0.8312236070632935 48
1740455466442 0.8326300978660583 49
1740455466545 0.8312236070632935 50
1740455466639 0.8326300978660583 51
1740455466743 0.8326300978660583 52
1740455466854 0.8410689234733582 53
1740455466949 0.8382560014724731 54
1740455467063 0.8396624326705933 55
1740455467163 0.8466947674751282 56
1740455467257 0.8466947674751282 57
1740455467368 0.8466947674751282 58
1740455467459 0.8312236070632935 59
1740455467580 0.842475414276123 60
1740455467678 0.8354430198669434 61
1740455467789 0.8396624326705933 62
1740455467895 0.8368495106697083 63
1740455467996 0.8452883362770081 64
1740455468112 0.8438818454742432 65
1740455468226 0.8368495106697083 66
1740455468326 0.8354430198669434 67
1740455468442 0.8326300978660583 68
1740455468567 0.842475414276123 69
1740455468685 0.8284106850624084 70
1740455468799 0.8368495106697083 71
1740455468926 0.8466947674751282 72
1740455469035 0.8382560014724731 73
1740455469153 0.8410689234733582 74
1740455469249 0.8354430198669434 75
1740455469365 0.8312236070632935 76
1740455469479 0.8410689234733582 77
1740455469586 0.8509141802787781 78
1740455469700 0.8340365886688232 79
1740455469813 0.8368495106697083 80
1740455469922 0.8410689234733582 81
1740455470034 0.842475414276123 82
1740455470148 0.852320671081543 83
1740455470249 0.8396624326705933 84
1740455470350 0.842475414276123 85
1740455470466 0.849507749080658 86
1740455470563 0.855133593082428 87
1740455470682 0.8438818454742432 88
1740455470791 0.8452883362770081 89
1740455470900 0.849507749080658 90
1740455471015 0.849507749080658 91
1740455471131 0.852320671081543 92
1740455471291 0.8368495106697083 93
1740455471432 0.8593530058860779 94
1740455471563 0.8410689234733582 95
1740455471712 0.8438818454742432 96
1740455471853 0.8368495106697083 97
1740455471953 0.8452883362770081 98
1740455472069 0.8382560014724731 99
1740455472183 0.8466947674751282 100
1740455472302 0.842475414276123 101
1740455472399 0.8354430198669434 102
1740455472519 0.8537271618843079 103
1740455472615 0.8340365886688232 104
1740455472734 0.8509141802787781 105
1740455472846 0.852320671081543 106
1740455472957 0.8340365886688232 107
1740455473062 0.8368495106697083 108
1740455473166 0.8368495106697083 109
1740455473281 0.8481012582778931 110
1740455473386 0.8481012582778931 111
1740455473503 0.8326300978660583 112
1740455473622 0.852320671081543 113
1740455473735 0.8396624326705933 114
1740455473849 0.8452883362770081 115
1740455473966 0.852320671081543 116
1740455474083 0.855133593082428 117
1740455474219 0.8438818454742432 118
1740455474316 0.855133593082428 119
1740455474436 0.8396624326705933 120
1740455474550 0.8565400838851929 121
1740455474665 0.8537271618843079 122
1740455474784 0.8607594966888428 123
1740455474902 0.849507749080658 124
1740455475015 0.8509141802787781 125
1740455475118 0.8466947674751282 126
1740455475233 0.852320671081543 127
1740455475338 0.8466947674751282 128
1740455475449 0.8466947674751282 129
1740455475564 0.8579465746879578 130
1740455475667 0.8438818454742432 131
1740455475766 0.8481012582778931 132
1740455475886 0.8565400838851929 133
1740455475999 0.8466947674751282 134
1740455476107 0.849507749080658 135
1740455476220 0.8509141802787781 136
1740455476363 0.8438818454742432 137
1740455476496 0.8509141802787781 138
1740455476631 0.8382560014724731 139
1740455476744 0.8452883362770081 140
1740455476834 0.8368495106697083 141
1740455476950 0.8410689234733582 142
1740455477057 0.8354430198669434 143
1740455477171 0.842475414276123 144
1740455477279 0.8396624326705933 145
1740455477387 0.855133593082428 146
1740455477499 0.8396624326705933 147
1740455477616 0.8537271618843079 148
1740455477712 0.8452883362770081 149
1740455477829 0.8368495106697083 150
1740455477947 0.8270041942596436 151
1740455478050 0.842475414276123 152
1740455478150 0.8312236070632935 153
1740455478269 0.8509141802787781 154
1740455478360 0.8452883362770081 155
1740455478479 0.8466947674751282 156
1740455478587 0.8410689234733582 157
1740455478695 0.8509141802787781 158
1740455478804 0.8509141802787781 159
1740455478921 0.8410689234733582 160
1740455479049 0.849507749080658 161
1740455479179 0.8270041942596436 162
1740455479308 0.8537271618843079 163
1740455479438 0.8438818454742432 164
1740455479565 0.8635724186897278 165
1740455479685 0.8466947674751282 166
1740455479801 0.8452883362770081 167
1740455479929 0.8452883362770081 168
1740455480054 0.852320671081543 169
1740455480176 0.8382560014724731 170
1740455480286 0.855133593082428 171
1740455480399 0.8396624326705933 172
1740455480506 0.849507749080658 173
1740455480616 0.8438818454742432 174
1740455480716 0.8452883362770081 175
1740455480835 0.842475414276123 176
1740455480926 0.8452883362770081 177
1740455481033 0.8368495106697083 178
1740455481153 0.8396624326705933 179
1740455481269 0.8509141802787781 180
1740455481368 0.852320671081543 181
1740455481486 0.8452883362770081 182
1740455481600 0.8438818454742432 183
1740455481713 0.8410689234733582 184
1740455481836 0.8438818454742432 185
1740455481946 0.8354430198669434 186
1740455482066 0.8537271618843079 187
1740455482179 0.8382560014724731 188
1740455482283 0.8410689234733582 189
1740455482399 0.849507749080658 190
1740455482536 0.8481012582778931 191
1740455482651 0.8438818454742432 192
1740455482764 0.8481012582778931 193
1740455482884 0.8466947674751282 194
1740455482999 0.8396624326705933 195
1740455483114 0.8452883362770081 196
1740455483216 0.852320671081543 197
1740455483333 0.8452883362770081 198
1740455483429 0.855133593082428 199
