1740455460964 0.5519347786903381 0
1740455461065 0.5519347786903381 1
1740455461159 0.5519347786903381 2
1740455461283 0.5519347786903381 3
1740455461387 0.5519347786903381 4
1740455461480 0.5519347786903381 5
1740455461580 0.5519347786903381 6
1740455461686 0.5519347786903381 7
1740455461798 0.5519347786903381 8
1740455461931 0.5519347786903381 9
1740455462045 0.5519347786903381 10
1740455462166 0.5519347786903381 11
1740455462279 0.5519347786903381 12
1740455462395 0.5519347786903381 13
1740455462493 0.5519347786903381 14
1740455462605 0.5519347786903381 15
1740455462692 0.5519347786903381 16
1740455462799 0.5519347786903381 17
1740455463230 0.5519347786903381 18
1740455463327 0.5519347786903381 19
1740455463436 0.5519347786903381 20
1740455463530 0.5519347786903381 21
1740455463628 0.5519347786903381 22
1740455463727 0.5519347786903381 23
1740455463833 0.5519347786903381 24
1740455463941 0.5519347786903381 25
1740455464042 0.5519347786903381 26
1740455464133 0.5519347786903381 27
1740455464229 0.5519347786903381 28
1740455464340 0.5519347786903381 29
1740455464433 0.5519347786903381 30
1740455464544 0.5519347786903381 31
1740455464645 0.5519347786903381 32
1740455464733 0.5519347786903381 33
1740455464848 0.5519347786903381 34
1740455464957 0.5519347786903381 35
1740455465049 0.5519347786903381 36
1740455465182 0.5519347786903381 37
1740455465280 0.5519347786903381 38
1740455465400 0.5519347786903381 39
1740455465501 0.5519347786903381 40
1740455465609 0.5519347786903381 41
1740455465712 0.5519347786903381 42
1740455465818 0.5519347786903381 43
1740455465910 0.5519347786903381 44
1740455466031 0.5519347786903381 45
1740455466131 0.5519347786903381 46
1740455466243 0.5519347786903381 47
1740455466338 0.5519347786903381 48
1740455466442 0.5519347786903381 49
1740455466545 0.5519347786903381 50
1740455466639 0.5519347786903381 51
1740455466743 0.5519347786903381 52
1740455466854 0.5519347786903381 53
1740455466949 0.5519347786903381 54
1740455467063 0.5519347786903381 55
1740455467163 0.5519347786903381 56
1740455467257 0.5519347786903381 57
1740455467368 0.5519347786903381 58
1740455467459 0.5519347786903381 59
1740455467580 0.5519347786903381 60
1740455467678 0.5519347786903381 61
1740455467789 0.5519347786903381 62
1740455467895 0.5519347786903381 63
1740455467996 0.5519347786903381 64
1740455468112 0.5519347786903381 65
1740455468226 0.5519347786903381 66
1740455468326 0.5519347786903381 67
1740455468442 0.5519347786903381 68
1740455468567 0.5519347786903381 69
1740455468685 0.5519347786903381 70
1740455468799 0.5519347786903381 71
1740455468926 0.5519347786903381 72
1740455469035 0.5519347786903381 73
1740455469153 0.5519347786903381 74
1740455469249 0.5519347786903381 75
1740455469365 0.5519347786903381 76
1740455469479 0.5519347786903381 77
1740455469586 0.5519347786903381 78
1740455469700 0.5519347786903381 79
1740455469813 0.5519347786903381 80
1740455469922 0.5519347786903381 81
1740455470034 0.5519347786903381 82
1740455470148 0.5519347786903381 83
1740455470249 0.5519347786903381 84
1740455470350 0.5519347786903381 85
1740455470466 0.5519347786903381 86
1740455470563 0.5519347786903381 87
1740455470682 0.5519347786903381 88
1740455470791 0.5519347786903381 89
1740455470900 0.5519347786903381 90
1740455471015 0.5519347786903381 91
1740455471131 0.5519347786903381 92
1740455471291 0.5519347786903381 93
1740455471432 0.5519347786903381 94
1740455471563 0.5519347786903381 95
1740455471712 0.5519347786903381 96
1740455471853 0.5519347786903381 97
1740455471953 0.5519347786903381 98
1740455472069 0.5519347786903381 99
1740455472183 0.5519347786903381 100
1740455472302 0.5519347786903381 101
1740455472399 0.5519347786903381 102
1740455472519 0.5519347786903381 103
1740455472615 0.5519347786903381 104
1740455472734 0.5519347786903381 105
1740455472846 0.5519347786903381 106
1740455472957 0.5519347786903381 107
1740455473062 0.5519347786903381 108
1740455473166 0.5519347786903381 109
1740455473281 0.5519347786903381 110
1740455473386 0.5519347786903381 111
1740455473503 0.5519347786903381 112
1740455473622 0.5519347786903381 113
1740455473735 0.5519347786903381 114
1740455473849 0.5519347786903381 115
1740455473966 0.5519347786903381 116
1740455474083 0.5519347786903381 117
1740455474219 0.5519347786903381 118
1740455474316 0.5519347786903381 119
1740455474436 0.5519347786903381 120
1740455474550 0.5519347786903381 121
1740455474665 0.5519347786903381 122
1740455474784 0.5519347786903381 123
1740455474902 0.5519347786903381 124
1740455475015 0.5519347786903381 125
1740455475118 0.5519347786903381 126
1740455475233 0.5519347786903381 127
1740455475338 0.5519347786903381 128
1740455475449 0.5519347786903381 129
1740455475564 0.5519347786903381 130
1740455475667 0.5519347786903381 131
1740455475766 0.5519347786903381 132
1740455475886 0.5519347786903381 133
1740455475999 0.5519347786903381 134
1740455476107 0.5519347786903381 135
1740455476220 0.5519347786903381 136
1740455476363 0.5519347786903381 137
1740455476496 0.5519347786903381 138
1740455476631 0.5519347786903381 139
1740455476744 0.5519347786903381 140
1740455476834 0.5519347786903381 141
1740455476950 0.5519347786903381 142
1740455477057 0.5519347786903381 143
1740455477171 0.5519347786903381 144
1740455477279 0.5519347786903381 145
1740455477387 0.5519347786903381 146
1740455477499 0.5519347786903381 147
1740455477616 0.5519347786903381 148
1740455477712 0.5519347786903381 149
1740455477829 0.5519347786903381 150
1740455477947 0.5519347786903381 151
1740455478050 0.5519347786903381 152
1740455478150 0.5519347786903381 153
1740455478269 0.5519347786903381 154
1740455478360 0.5519347786903381 155
1740455478479 0.5519347786903381 156
1740455478587 0.5519347786903381 157
1740455478695 0.5519347786903381 158
1740455478804 0.5519347786903381 159
1740455478921 0.5519347786903381 160
1740455479049 0.5519347786903381 161
1740455479179 0.5519347786903381 162
1740455479308 0.5519347786903381 163
1740455479438 0.5519347786903381 164
1740455479565 0.5519347786903381 165
1740455479685 0.5519347786903381 166
1740455479801 0.5519347786903381 167
1740455479929 0.5519347786903381 168
1740455480054 0.5519347786903381 169
1740455480176 0.5519347786903381 170
1740455480286 0.5519347786903381 171
1740455480399 0.5519347786903381 172
1740455480506 0.5519347786903381 173
1740455480616 0.5519347786903381 174
1740455480716 0.5519347786903381 175
1740455480835 0.5519347786903381 176
1740455480926 0.5519347786903381 177
1740455481033 0.5519347786903381 178
1740455481153 0.5519347786903381 179
1740455481269 0.5519347786903381 180
1740455481368 0.5519347786903381 181
1740455481486 0.5519347786903381 182
1740455481600 0.5519347786903381 183
1740455481713 0.5519347786903381 184
1740455481836 0.5519347786903381 185
1740455481946 0.5519347786903381 186
1740455482066 0.5519347786903381 187
1740455482179 0.5519347786903381 188
1740455482283 0.5519347786903381 189
1740455482399 0.5519347786903381 190
1740455482536 0.5519347786903381 191
1740455482651 0.5519347786903381 192
1740455482764 0.5519347786903381 193
1740455482884 0.5519347786903381 194
1740455482999 0.5519347786903381 195
1740455483114 0.5519347786903381 196
1740455483216 0.5519347786903381 197
1740455483333 0.5519347786903381 198
1740455483429 0.5519347786903381 199
