1740455460964 3.9516849517822266 0
1740455461065 3.687584161758423 1
1740455461159 3.4484364986419678 2
1740455461283 3.2257771492004395 3
1740455461387 3.0161054134368896 4
1740455461480 2.8180172443389893 5
1740455461580 2.6333417892456055 6
1740455461686 2.4513752460479736 7
1740455461798 2.2829952239990234 8
1740455461931 2.1285862922668457 9
1740455462045 1.9769313335418701 10
1740455462166 1.8516490459442139 11
1740455462279 1.7238353490829468 12
1740455462395 1.6220091581344604 13
1740455462493 1.5286369323730469 14
1740455462605 1.4593474864959717 15
1740455462692 1.3772611618041992 16
1740455462799 1.2862060070037842 17
1740455463230 1.2455147504806519 18
1740455463327 1.1522669792175293 19
1740455463436 1.1235010623931885 20
1740455463530 1.077761173248291 21
1740455463628 1.0101239681243896 22
1740455463727 0.9656280279159546 23
1740455463833 0.9454392194747925 24
1740455463941 0.9025362730026245 25
1740455464042 0.8754903674125671 26
1740455464133 0.8432402610778809 27
1740455464229 0.8110993504524231 28
1740455464340 0.7902677655220032 29
1740455464433 0.7661628127098083 30
1740455464544 0.7383222579956055 31
1740455464645 0.7199953198432922 32
1740455464733 0.7081353664398193 33
1740455464848 0.7026615738868713 34
1740455464957 0.7129861116409302 35
1740455465049 0.6888635754585266 36
1740455465182 0.649638831615448 37
1740455465280 0.660378098487854 38
1740455465400 0.628943920135498 39
1740455465501 0.6227546334266663 40
1740455465609 0.6232242584228516 41
1740455465712 0.6166483759880066 42
1740455465818 0.6043666005134583 43
1740455465910 0.582464337348938 44
1740455466031 0.6045897006988525 45
1740455466131 0.5841885805130005 46
1740455466243 0.5783185362815857 47
1740455466338 0.578973114490509 48
1740455466442 0.5780860781669617 49
1740455466545 0.5750535726547241 50
1740455466639 0.5716986656188965 51
1740455466743 0.5646202564239502 52
1740455466854 0.5550304651260376 53
1740455466949 0.5628219842910767 54
1740455467063 0.5608887672424316 55
1740455467163 0.5516590476036072 56
1740455467257 0.5422912240028381 57
1740455467368 0.5405669808387756 58
1740455467459 0.5543881058692932 59
1740455467580 0.5486806631088257 60
1740455467678 0.5414339303970337 61
1740455467789 0.545925498008728 62
1740455467895 0.5447461009025574 63
1740455467996 0.5375535488128662 64
1740455468112 0.5427916646003723 65
1740455468226 0.533302366733551 66
1740455468326 0.537158191204071 67
1740455468442 0.5361141562461853 68
1740455468567 0.5346273183822632 69
1740455468685 0.5483778119087219 70
1740455468799 0.5222694277763367 71
1740455468926 0.509197473526001 72
1740455469035 0.5276776552200317 73
1740455469153 0.5335774421691895 74
1740455469249 0.5139119625091553 75
1740455469365 0.5244551301002502 76
1740455469479 0.5200377106666565 77
1740455469586 0.5166270732879639 78
1740455469700 0.5360258221626282 79
1740455469813 0.5314695239067078 80
1740455469922 0.5251977443695068 81
1740455470034 0.5223645567893982 82
1740455470148 0.502652645111084 83
1740455470249 0.5217337012290955 84
1740455470350 0.520937442779541 85
1740455470466 0.5122383832931519 86
1740455470563 0.5159614086151123 87
1740455470682 0.5142391920089722 88
1740455470791 0.5127384066581726 89
1740455470900 0.5167086720466614 90
1740455471015 0.5136445164680481 91
1740455471131 0.5166959762573242 92
1740455471291 0.521060049533844 93
1740455471432 0.524357259273529 94
1740455471563 0.5145169496536255 95
1740455471712 0.5134702324867249 96
1740455471853 0.5244808793067932 97
1740455471953 0.5133045315742493 98
1740455472069 0.5021703839302063 99
1740455472183 0.49367982149124146 100
1740455472302 0.5234366655349731 101
1740455472399 0.5094318389892578 102
1740455472519 0.5178748965263367 103
1740455472615 0.5113385319709778 104
1740455472734 0.5177004933357239 105
1740455472846 0.5061075687408447 106
1740455472957 0.5080031752586365 107
1740455473062 0.5167940855026245 108
1740455473166 0.518136739730835 109
1740455473281 0.5035960674285889 110
1740455473386 0.5249481201171875 111
1740455473503 0.5242529511451721 112
1740455473622 0.5055829286575317 113
1740455473735 0.5065414309501648 114
1740455473849 0.5040781497955322 115
1740455473966 0.5044744610786438 116
1740455474083 0.5028119683265686 117
1740455474219 0.5023783445358276 118
1740455474316 0.49695056676864624 119
1740455474436 0.5069397687911987 120
1740455474550 0.4935929775238037 121
1740455474665 0.49652189016342163 122
1740455474784 0.4898495078086853 123
1740455474902 0.5048128962516785 124
1740455475015 0.49450916051864624 125
1740455475118 0.5054438710212708 126
1740455475233 0.5007127523422241 127
1740455475338 0.4921484887599945 128
1740455475449 0.5031841993331909 129
1740455475564 0.49748286604881287 130
1740455475667 0.5163561701774597 131
1740455475766 0.5014446973800659 132
1740455475886 0.4992695152759552 133
1740455475999 0.5046095252037048 134
1740455476107 0.5020573735237122 135
1740455476220 0.4961838722229004 136
1740455476363 0.4960002601146698 137
1740455476496 0.4890643060207367 138
1740455476631 0.511313259601593 139
1740455476744 0.5019843578338623 140
1740455476834 0.5033081769943237 141
1740455476950 0.49759623408317566 142
1740455477057 0.5019299983978271 143
1740455477171 0.5026401281356812 144
1740455477279 0.4898160696029663 145
1740455477387 0.49826106429100037 146
1740455477499 0.49753937125205994 147
1740455477616 0.49669912457466125 148
1740455477712 0.5059016942977905 149
1740455477829 0.49792951345443726 150
1740455477947 0.533585250377655 151
1740455478050 0.5081766843795776 152
1740455478150 0.5006738901138306 153
1740455478269 0.49616295099258423 154
1740455478360 0.515548825263977 155
1740455478479 0.5106567144393921 156
1740455478587 0.49173375964164734 157
1740455478695 0.4910549223423004 158
1740455478804 0.49764400720596313 159
1740455478921 0.49700891971588135 160
1740455479049 0.5071166753768921 161
1740455479179 0.5022172927856445 162
1740455479308 0.5017659664154053 163
1740455479438 0.48963049054145813 164
1740455479565 0.4848010540008545 165
1740455479685 0.47728368639945984 166
1740455479801 0.4896646738052368 167
1740455479929 0.4853677749633789 168
1740455480054 0.5024580955505371 169
1740455480176 0.5155578851699829 170
1740455480286 0.4920182526111603 171
1740455480399 0.4980694651603699 172
1740455480506 0.4986015856266022 173
1740455480616 0.4844987392425537 174
1740455480716 0.5068804621696472 175
1740455480835 0.5118706226348877 176
1740455480926 0.48645272850990295 177
1740455481033 0.4860982298851013 178
1740455481153 0.49576812982559204 179
1740455481269 0.49345189332962036 180
1740455481368 0.4883106052875519 181
1740455481486 0.4977058172225952 182
1740455481600 0.4905385673046112 183
1740455481713 0.5004734992980957 184
1740455481836 0.49900883436203003 185
1740455481946 0.48757874965667725 186
1740455482066 0.4855194389820099 187
1740455482179 0.5089093446731567 188
1740455482283 0.49905091524124146 189
1740455482399 0.48782438039779663 190
1740455482536 0.4811382591724396 191
1740455482651 0.48143869638442993 192
1740455482764 0.4932660460472107 193
1740455482884 0.4928688108921051 194
1740455482999 0.5038570165634155 195
1740455483114 0.4828759431838989 196
1740455483216 0.49435776472091675 197
1740455483333 0.5023934245109558 198
1740455483429 0.49045684933662415 199
