1740457783956 0.5485231876373291 0
1740457784088 0.6638537049293518 1
1740457784209 0.6849507689476013 2
1740457784362 0.6877636909484863 3
1740457784471 0.7426160573959351 4
1740457784571 0.7693389654159546 5
1740457784689 0.7904360294342041 6
1740457784797 0.8171589374542236 7
1740457784911 0.7932489514350891 8
1740457785018 0.8045006990432739 9
1740457785120 0.803094208240509 10
1740457785240 0.8227847814559937 11
1740457785336 0.8199718594551086 12
1740457785451 0.8185654282569885 13
1740457785557 0.8171589374542236 14
1740457785662 0.8171589374542236 15
1740457785768 0.8199718594551086 16
1740457785882 0.8157524466514587 17
1740457785996 0.8255977630615234 18
1740457786110 0.8326300978660583 19
1740457786221 0.8368495106697083 20
1740457786330 0.8270041942596436 21
1740457786439 0.8326300978660583 22
1740457786571 0.8326300978660583 23
1740457786693 0.8185654282569885 24
1740457786821 0.8382560014724731 25
1740457786938 0.8213783502578735 26
1740457787059 0.8312236070632935 27
1740457787177 0.8354430198669434 28
1740457787287 0.8298171758651733 29
1740457787407 0.8396624326705933 30
1740457787523 0.8326300978660583 31
1740457787632 0.8326300978660583 32
1740457787742 0.8326300978660583 33
1740457787861 0.8382560014724731 34
1740457787974 0.8340365886688232 35
1740457788077 0.8354430198669434 36
1740457788187 0.8452883362770081 37
1740457788307 0.8340365886688232 38
1740457788428 0.8340365886688232 39
1740457788547 0.8438818454742432 40
1740457788656 0.8396624326705933 41
1740457788767 0.8410689234733582 42
1740457788888 0.8481012582778931 43
1740457789020 0.8396624326705933 44
1740457789143 0.8452883362770081 45
1740457789260 0.8410689234733582 46
1740457789375 0.8481012582778931 47
1740457789483 0.8410689234733582 48
1740457789591 0.8312236070632935 49
1740457789709 0.8354430198669434 50
1740457789840 0.8340365886688232 51
1740457789962 0.8368495106697083 52
1740457790077 0.8466947674751282 53
1740457790192 0.8537271618843079 54
1740457790304 0.842475414276123 55
1740457790424 0.8368495106697083 56
1740457790540 0.8410689234733582 57
1740457790651 0.8452883362770081 58
1740457790761 0.8452883362770081 59
1740457790875 0.8396624326705933 60
1740457790974 0.8466947674751282 61
1740457791092 0.8452883362770081 62
1740457791210 0.8452883362770081 63
1740457791324 0.8368495106697083 64
1740457791438 0.8452883362770081 65
1740457791541 0.8410689234733582 66
1740457791656 0.8438818454742432 67
1740457791774 0.8340365886688232 68
1740457791893 0.8382560014724731 69
1740457792006 0.8382560014724731 70
1740457792109 0.8340365886688232 71
1740457792238 0.8452883362770081 72
1740457792353 0.855133593082428 73
1740457792487 0.8452883362770081 74
1740457792619 0.8410689234733582 75
1740457792752 0.849507749080658 76
1740457792884 0.8452883362770081 77
1740457793018 0.8368495106697083 78
1740457793153 0.8312236070632935 79
1740457793279 0.8382560014724731 80
1740457793402 0.842475414276123 81
1740457793536 0.842475414276123 82
1740457793665 0.8452883362770081 83
1740457793773 0.8452883362770081 84
1740457793894 0.8368495106697083 85
1740457794028 0.849507749080658 86
1740457794146 0.8438818454742432 87
1740457794272 0.8438818454742432 88
1740457794390 0.852320671081543 89
1740457794489 0.8396624326705933 90
1740457794624 0.855133593082428 91
1740457794739 0.842475414276123 92
1740457794853 0.849507749080658 93
1740457794970 0.8312236070632935 94
1740457795091 0.8452883362770081 95
1740457795217 0.8368495106697083 96
1740457795351 0.8396624326705933 97
1740457795479 0.849507749080658 98
1740457795620 0.8354430198669434 99
1740457795755 0.8452883362770081 100
1740457795903 0.8466947674751282 101
1740457796040 0.8396624326705933 102
1740457796165 0.8452883362770081 103
1740457796303 0.8452883362770081 104
1740457796436 0.8466947674751282 105
1740457796572 0.8481012582778931 106
1740457796697 0.849507749080658 107
1740457796806 0.8466947674751282 108
1740457796926 0.8509141802787781 109
1740457797042 0.8410689234733582 110
1740457797156 0.842475414276123 111
1740457797271 0.8438818454742432 112
1740457797386 0.8438818454742432 113
1740457797506 0.8410689234733582 114
1740457797622 0.8509141802787781 115
1740457797736 0.8340365886688232 116
1740457797857 0.8481012582778931 117
1740457797975 0.8326300978660583 118
1740457798088 0.8410689234733582 119
1740457798208 0.8396624326705933 120
1740457798320 0.8354430198669434 121
1740457798467 0.8509141802787781 122
1740457798603 0.8466947674751282 123
1740457798753 0.8438818454742432 124
1740457798895 0.8410689234733582 125
1740457799033 0.8438818454742432 126
1740457799169 0.842475414276123 127
