1740457783956 0.5519347786903381 0
1740457784088 0.5519347786903381 1
1740457784209 0.5519347786903381 2
1740457784362 0.5519347786903381 3
1740457784471 0.5519347786903381 4
1740457784571 0.5519347786903381 5
1740457784689 0.5519347786903381 6
1740457784797 0.5519347786903381 7
1740457784911 0.5519347786903381 8
1740457785018 0.5519347786903381 9
1740457785120 0.5519347786903381 10
1740457785240 0.5519347786903381 11
1740457785336 0.5519347786903381 12
1740457785451 0.5519347786903381 13
1740457785557 0.5519347786903381 14
1740457785662 0.5519347786903381 15
1740457785768 0.5519347786903381 16
1740457785882 0.5519347786903381 17
1740457785996 0.5519347786903381 18
1740457786110 0.5519347786903381 19
1740457786221 0.5519347786903381 20
1740457786330 0.5519347786903381 21
1740457786439 0.5519347786903381 22
1740457786571 0.5519347786903381 23
1740457786693 0.5519347786903381 24
1740457786821 0.5519347786903381 25
1740457786938 0.5519347786903381 26
1740457787059 0.5519347786903381 27
1740457787177 0.5519347786903381 28
1740457787287 0.5519347786903381 29
1740457787407 0.5519347786903381 30
1740457787523 0.5519347786903381 31
1740457787632 0.5519347786903381 32
1740457787742 0.5519347786903381 33
1740457787861 0.5519347786903381 34
1740457787974 0.5519347786903381 35
1740457788077 0.5519347786903381 36
1740457788187 0.5519347786903381 37
1740457788307 0.5519347786903381 38
1740457788428 0.5519347786903381 39
1740457788547 0.5519347786903381 40
1740457788656 0.5519347786903381 41
1740457788767 0.5519347786903381 42
1740457788888 0.5519347786903381 43
1740457789020 0.5519347786903381 44
1740457789143 0.5519347786903381 45
1740457789260 0.5519347786903381 46
1740457789375 0.5519347786903381 47
1740457789483 0.5519347786903381 48
1740457789591 0.5519347786903381 49
1740457789709 0.5519347786903381 50
1740457789840 0.5519347786903381 51
1740457789962 0.5519347786903381 52
1740457790077 0.5519347786903381 53
1740457790192 0.5519347786903381 54
1740457790304 0.5519347786903381 55
1740457790424 0.5519347786903381 56
1740457790540 0.5519347786903381 57
1740457790651 0.5519347786903381 58
1740457790761 0.5519347786903381 59
1740457790875 0.5519347786903381 60
1740457790974 0.5519347786903381 61
1740457791092 0.5519347786903381 62
1740457791210 0.5519347786903381 63
1740457791324 0.5519347786903381 64
1740457791438 0.5519347786903381 65
1740457791541 0.5519347786903381 66
1740457791656 0.5519347786903381 67
1740457791774 0.5519347786903381 68
1740457791893 0.5519347786903381 69
1740457792006 0.5519347786903381 70
1740457792109 0.5519347786903381 71
1740457792238 0.5519347786903381 72
1740457792353 0.5519347786903381 73
1740457792487 0.5519347786903381 74
1740457792619 0.5519347786903381 75
1740457792752 0.5519347786903381 76
1740457792884 0.5519347786903381 77
1740457793018 0.5519347786903381 78
1740457793153 0.5519347786903381 79
1740457793279 0.5519347786903381 80
1740457793402 0.5519347786903381 81
1740457793536 0.5519347786903381 82
1740457793665 0.5519347786903381 83
1740457793773 0.5519347786903381 84
1740457793894 0.5519347786903381 85
1740457794028 0.5519347786903381 86
1740457794146 0.5519347786903381 87
1740457794272 0.5519347786903381 88
1740457794390 0.5519347786903381 89
1740457794489 0.5519347786903381 90
1740457794624 0.5519347786903381 91
1740457794739 0.5519347786903381 92
1740457794853 0.5519347786903381 93
1740457794970 0.5519347786903381 94
1740457795091 0.5519347786903381 95
1740457795217 0.5519347786903381 96
1740457795351 0.5519347786903381 97
1740457795479 0.5519347786903381 98
1740457795620 0.5519347786903381 99
1740457795755 0.5519347786903381 100
1740457795903 0.5519347786903381 101
1740457796040 0.5519347786903381 102
1740457796165 0.5519347786903381 103
1740457796303 0.5519347786903381 104
1740457796436 0.5519347786903381 105
1740457796572 0.5519347786903381 106
1740457796697 0.5519347786903381 107
1740457796806 0.5519347786903381 108
1740457796926 0.5519347786903381 109
1740457797042 0.5519347786903381 110
1740457797156 0.5519347786903381 111
1740457797271 0.5519347786903381 112
1740457797386 0.5519347786903381 113
1740457797506 0.5519347786903381 114
1740457797622 0.5519347786903381 115
1740457797736 0.5519347786903381 116
1740457797857 0.5519347786903381 117
1740457797975 0.5519347786903381 118
1740457798088 0.5519347786903381 119
1740457798208 0.5519347786903381 120
1740457798320 0.5519347786903381 121
1740457798467 0.5519347786903381 122
1740457798603 0.5519347786903381 123
1740457798753 0.5519347786903381 124
1740457798895 0.5519347786903381 125
1740457799033 0.5519347786903381 126
1740457799169 0.5519347786903381 127
