1740457783956 3.9139673709869385 0
1740457784088 3.7104952335357666 1
1740457784209 3.4978604316711426 2
1740457784362 3.2734453678131104 3
1740457784471 3.0500543117523193 4
1740457784571 2.850375175476074 5
1740457784689 2.6475090980529785 6
1740457784797 2.453859567642212 7
1740457784911 2.308955430984497 8
1740457785018 2.158228635787964 9
1740457785120 2.026370048522949 10
1740457785240 1.9034758806228638 11
1740457785336 1.7763655185699463 12
1740457785451 1.6737388372421265 13
1740457785557 1.5838693380355835 14
1740457785662 1.4904637336730957 15
1740457785768 1.415941834449768 16
1740457785882 1.3405694961547852 17
1740457785996 1.2768324613571167 18
1740457786110 1.2154803276062012 19
1740457786221 1.1550332307815552 20
1740457786330 1.1095846891403198 21
1740457786439 1.0504976511001587 22
1740457786571 1.0070760250091553 23
1740457786693 0.9692732095718384 24
1740457786821 0.9436609745025635 25
1740457786938 0.9051509499549866 26
1740457787059 0.8659223914146423 27
1740457787177 0.8345628976821899 28
1740457787287 0.8160511255264282 29
1740457787407 0.7941659092903137 30
1740457787523 0.777389407157898 31
1740457787632 0.7542111873626709 32
1740457787742 0.7208858728408813 33
1740457787861 0.7179262638092041 34
1740457787974 0.6880168914794922 35
1740457788077 0.6907921433448792 36
1740457788187 0.6635503768920898 37
1740457788307 0.6350982189178467 38
1740457788428 0.6345571279525757 39
1740457788547 0.6312394738197327 40
1740457788656 0.6196436882019043 41
1740457788767 0.6079191565513611 42
1740457788888 0.5903224349021912 43
1740457789020 0.5965787172317505 44
1740457789143 0.5877180099487305 45
1740457789260 0.5875468850135803 46
1740457789375 0.576957106590271 47
1740457789483 0.5673589706420898 48
1740457789591 0.5674163103103638 49
1740457789709 0.5615043640136719 50
1740457789840 0.5567904114723206 51
1740457789962 0.5549134612083435 52
1740457790077 0.5422580242156982 53
1740457790192 0.5341023802757263 54
1740457790304 0.5390656590461731 55
1740457790424 0.5467766523361206 56
1740457790540 0.5369596481323242 57
1740457790651 0.5266528725624084 58
1740457790761 0.5356943607330322 59
1740457790875 0.523842453956604 60
1740457790974 0.5286135673522949 61
1740457791092 0.5300023555755615 62
1740457791210 0.5257428288459778 63
1740457791324 0.5246556997299194 64
1740457791438 0.5220147967338562 65
1740457791541 0.513504147529602 66
1740457791656 0.5187785625457764 67
1740457791774 0.5218908786773682 68
1740457791893 0.519500195980072 69
1740457792006 0.5108752250671387 70
1740457792109 0.5020148754119873 71
1740457792238 0.5134090185165405 72
1740457792353 0.5045971274375916 73
1740457792487 0.49648424983024597 74
1740457792619 0.5090795755386353 75
1740457792752 0.5129066705703735 76
1740457792884 0.5003365278244019 77
1740457793018 0.5057969093322754 78
1740457793153 0.5156286358833313 79
1740457793279 0.49920225143432617 80
1740457793402 0.5033467411994934 81
1740457793536 0.5064581036567688 82
1740457793665 0.4938108026981354 83
1740457793773 0.492693156003952 84
1740457793894 0.5035726428031921 85
1740457794028 0.4986514747142792 86
1740457794146 0.4888516366481781 87
1740457794272 0.5011204481124878 88
1740457794390 0.4930795431137085 89
1740457794489 0.4961800277233124 90
1740457794624 0.49736395478248596 91
1740457794739 0.4919842779636383 92
1740457794853 0.48296502232551575 93
1740457794970 0.5009611248970032 94
1740457795091 0.4842054545879364 95
1740457795217 0.49867627024650574 96
1740457795351 0.493763267993927 97
1740457795479 0.48860710859298706 98
1740457795620 0.49263671040534973 99
1740457795755 0.49856099486351013 100
1740457795903 0.4887232482433319 101
1740457796040 0.500542163848877 102
1740457796165 0.4998165965080261 103
1740457796303 0.49468982219696045 104
1740457796436 0.5037278532981873 105
1740457796572 0.4901335835456848 106
1740457796697 0.484395295381546 107
1740457796806 0.48868077993392944 108
1740457796926 0.4808233380317688 109
1740457797042 0.49761322140693665 110
1740457797156 0.4919782876968384 111
1740457797271 0.4855403006076813 112
1740457797386 0.49655550718307495 113
1740457797506 0.4928760528564453 114
1740457797622 0.486004114151001 115
1740457797736 0.4906643331050873 116
1740457797857 0.479525625705719 117
1740457797975 0.49246880412101746 118
1740457798088 0.4892435073852539 119
1740457798208 0.47839680314064026 120
1740457798320 0.4883577227592468 121
1740457798467 0.4743039309978485 122
1740457798603 0.4800001382827759 123
1740457798753 0.48318588733673096 124
1740457798895 0.48680585622787476 125
1740457799033 0.4883711636066437 126
1740457799169 0.48339879512786865 127
