1740456938599 0.547116756439209 0
1740456938715 0.6413502097129822 1
1740456938832 0.6329113841056824 2
1740456938931 0.6413502097129822 3
1740456939048 0.655414879322052 4
1740456939148 0.6863572597503662 5
1740456939263 0.7144866585731506 6
1740456939364 0.7341772317886353 7
1740456939468 0.74964839220047 8
1740456939567 0.7805907130241394 9
1740456939681 0.7777777910232544 10
1740456939781 0.7848101258277893 11
1740456939879 0.7777777910232544 12
1740456939982 0.7777777910232544 13
1740456940083 0.7693389654159546 14
1740456940180 0.7834036350250244 15
1740456940277 0.7819972038269043 16
1740456940380 0.7862166166305542 17
1740456940479 0.7932489514350891 18
1740456940587 0.7876230478286743 19
1740456940680 0.7918424606323242 20
1740456940782 0.7848101258277893 21
1740456940904 0.7918424606323242 22
1740456941014 0.7932489514350891 23
1740456941118 0.797468364238739 24
1740456941215 0.7862166166305542 25
1740456941330 0.8016877770423889 26
1740456941438 0.7876230478286743 27
1740456941531 0.7918424606323242 28
1740456941663 0.7862166166305542 29
1740456941763 0.8045006990432739 30
1740456941873 0.7960618734359741 31
1740456941988 0.7960618734359741 32
1740456942092 0.7932489514350891 33
1740456942197 0.7932489514350891 34
1740456942310 0.7904360294342041 35
1740456942413 0.8115330338478088 36
1740456942514 0.7848101258277893 37
1740456942613 0.794655442237854 38
1740456942714 0.7848101258277893 39
1740456942813 0.7988747954368591 40
1740456942909 0.803094208240509 41
1740456943012 0.797468364238739 42
1740456943108 0.797468364238739 43
1740456943217 0.7932489514350891 44
1740456943329 0.7932489514350891 45
1740456943430 0.7890295386314392 46
1740456943532 0.7988747954368591 47
1740456943633 0.7960618734359741 48
1740456943750 0.797468364238739 49
1740456943862 0.7960618734359741 50
1740456943967 0.7932489514350891 51
1740456944081 0.7932489514350891 52
1740456944180 0.8016877770423889 53
1740456944302 0.8016877770423889 54
1740456944415 0.8016877770423889 55
1740456944518 0.8016877770423889 56
1740456944619 0.8073136210441589 57
1740456944725 0.7960618734359741 58
1740456944838 0.8016877770423889 59
1740456944949 0.8087201118469238 60
1740456945062 0.8016877770423889 61
1740456945175 0.7904360294342041 62
1740456945275 0.8073136210441589 63
1740456945383 0.7904360294342041 64
1740456945495 0.8016877770423889 65
