1740456938599 0.5519347786903381 0
1740456938715 0.5519347786903381 1
1740456938832 0.5519347786903381 2
1740456938931 0.5519347786903381 3
1740456939048 0.5519347786903381 4
1740456939148 0.5519347786903381 5
1740456939263 0.5519347786903381 6
1740456939364 0.5519347786903381 7
1740456939468 0.5519347786903381 8
1740456939567 0.5519347786903381 9
1740456939681 0.5519347786903381 10
1740456939781 0.5519347786903381 11
1740456939879 0.5519347786903381 12
1740456939982 0.5519347786903381 13
1740456940083 0.5519347786903381 14
1740456940180 0.5519347786903381 15
1740456940277 0.5519347786903381 16
1740456940380 0.5519347786903381 17
1740456940479 0.5519347786903381 18
1740456940587 0.5519347786903381 19
1740456940680 0.5519347786903381 20
1740456940782 0.5519347786903381 21
1740456940904 0.5519347786903381 22
1740456941014 0.5519347786903381 23
1740456941118 0.5519347786903381 24
1740456941215 0.5519347786903381 25
1740456941330 0.5519347786903381 26
1740456941438 0.5519347786903381 27
1740456941531 0.5519347786903381 28
1740456941663 0.5519347786903381 29
1740456941763 0.5519347786903381 30
1740456941873 0.5519347786903381 31
1740456941988 0.5519347786903381 32
1740456942092 0.5519347786903381 33
1740456942197 0.5519347786903381 34
1740456942310 0.5519347786903381 35
1740456942413 0.5519347786903381 36
1740456942514 0.5519347786903381 37
1740456942613 0.5519347786903381 38
1740456942714 0.5519347786903381 39
1740456942813 0.5519347786903381 40
1740456942909 0.5519347786903381 41
1740456943012 0.5519347786903381 42
1740456943108 0.5519347786903381 43
1740456943217 0.5519347786903381 44
1740456943329 0.5519347786903381 45
1740456943430 0.5519347786903381 46
1740456943532 0.5519347786903381 47
1740456943633 0.5519347786903381 48
1740456943750 0.5519347786903381 49
1740456943862 0.5519347786903381 50
1740456943967 0.5519347786903381 51
1740456944081 0.5519347786903381 52
1740456944180 0.5519347786903381 53
1740456944302 0.5519347786903381 54
1740456944415 0.5519347786903381 55
1740456944518 0.5519347786903381 56
1740456944619 0.5519347786903381 57
1740456944725 0.5519347786903381 58
1740456944838 0.5519347786903381 59
1740456944949 0.5519347786903381 60
1740456945062 0.5519347786903381 61
1740456945175 0.5519347786903381 62
1740456945275 0.5519347786903381 63
1740456945383 0.5519347786903381 64
1740456945495 0.5519347786903381 65
