1740456938599 3.8505916595458984 0
1740456938715 3.593863010406494 1
1740456938832 3.3597655296325684 2
1740456938931 3.141354560852051 3
1740456939048 2.93755841255188 4
1740456939148 2.732567548751831 5
1740456939263 2.558528423309326 6
1740456939364 2.378868579864502 7
1740456939468 2.227177143096924 8
1740456939567 2.0881497859954834 9
1740456939681 1.9378806352615356 10
1740456939781 1.8146154880523682 11
1740456939879 1.7171740531921387 12
1740456939982 1.6259024143218994 13
1740456940083 1.5230741500854492 14
1740456940180 1.4386229515075684 15
1740456940277 1.3721113204956055 16
1740456940380 1.303355097770691 17
1740456940479 1.2293996810913086 18
1740456940587 1.1932618618011475 19
1740456940680 1.1126841306686401 20
1740456940782 1.089426875114441 21
1740456940904 1.0320836305618286 22
1740456941014 0.99613356590271 23
1740456941118 0.9572445154190063 24
1740456941215 0.9181963205337524 25
1740456941330 0.9083744883537292 26
1740456941438 0.875497043132782 27
1740456941531 0.8260949850082397 28
1740456941663 0.8310626149177551 29
1740456941763 0.7781618237495422 30
1740456941873 0.7664042115211487 31
1740456941988 0.7404420375823975 32
1740456942092 0.7589468359947205 33
1740456942197 0.7204467058181763 34
1740456942310 0.7044563293457031 35
1740456942413 0.6966458559036255 36
1740456942514 0.6940415501594543 37
1740456942613 0.6709834337234497 38
1740456942714 0.684709906578064 39
1740456942813 0.6691445708274841 40
1740456942909 0.6314142942428589 41
1740456943012 0.648261547088623 42
1740456943108 0.6474598050117493 43
1740456943217 0.6378545165061951 44
1740456943329 0.6296043395996094 45
1740456943430 0.6222235560417175 46
1740456943532 0.627282440662384 47
1740456943633 0.6072080135345459 48
1740456943750 0.6250503063201904 49
1740456943862 0.6038845181465149 50
1740456943967 0.6130315661430359 51
1740456944081 0.6225829720497131 52
1740456944180 0.6083946824073792 53
1740456944302 0.591332733631134 54
1740456944415 0.5936034917831421 55
1740456944518 0.591164231300354 56
1740456944619 0.5941728353500366 57
1740456944725 0.5889375805854797 58
1740456944838 0.586162269115448 59
1740456944949 0.5842335224151611 60
1740456945062 0.6068164706230164 61
1740456945175 0.5856156945228577 62
1740456945275 0.5789633989334106 63
1740456945383 0.6010742783546448 64
1740456945495 0.5825390815734863 65
