1740458531453 0.5344585180282593 0
1740458531588 0.5682137608528137 1
1740458531718 0.5766525864601135 2
1740458531842 0.6033755540847778 3
1740458531995 0.6300984621047974 4
1740458532124 0.655414879322052 5
1740458532218 0.6315048933029175 6
1740458532314 0.6258790493011475 7
1740458532414 0.6272855401039124 8
1740458532501 0.607594907283783 9
1740458532604 0.6300984621047974 10
1740458532714 0.6343178749084473 11
1740458532806 0.6118143200874329 12
1740458532902 0.6300984621047974 13
1740458533002 0.6244725584983826 14
1740458533100 0.6343178749084473 15
1740458533195 0.6188467144966125 16
1740458533284 0.6300984621047974 17
1740458533398 0.6244725584983826 18
1740458533500 0.6258790493011475 19
1740458533606 0.6244725584983826 20
1740458533722 0.6272855401039124 21
1740458533821 0.6230661273002625 22
1740458533919 0.6286919713020325 23
1740458534021 0.6230661273002625 24
1740458534116 0.6343178749084473 25
1740458534222 0.6272855401039124 26
1740458534323 0.6272855401039124 27
1740458534428 0.6216596364974976 28
1740458534525 0.6286919713020325 29
1740458534638 0.6230661273002625 30
1740458534741 0.6272855401039124 31
1740458534845 0.6258790493011475 32
1740458534945 0.6300984621047974 33
1740458535043 0.6216596364974976 34
1740458535138 0.6258790493011475 35
1740458535233 0.6230661273002625 36
1740458535330 0.6258790493011475 37
1740458535430 0.6315048933029175 38
1740458535527 0.6286919713020325 39
1740458535617 0.6244725584983826 40
1740458535717 0.6244725584983826 41
1740458535822 0.6272855401039124 42
1740458535916 0.6300984621047974 43
1740458536014 0.6272855401039124 44
1740458536100 0.6258790493011475 45
1740458536201 0.6357243061065674 46
1740458536294 0.6272855401039124 47
1740458536389 0.6258790493011475 48
1740458536484 0.6385372877120972 49
1740458536586 0.6258790493011475 50
1740458536684 0.6329113841056824 51
1740458536780 0.6286919713020325 52
1740458536887 0.6413502097129822 53
1740458536985 0.6343178749084473 54
1740458537089 0.6385372877120972 55
1740458537192 0.646976113319397 56
1740458537285 0.6244725584983826 57
1740458537404 0.6343178749084473 58
1740458537491 0.6427567005157471 59
1740458537600 0.6329113841056824 60
1740458537694 0.6399437189102173 61
1740458537787 0.6427567005157471 62
1740458537887 0.6483825445175171 63
1740458537982 0.6343178749084473 64
1740458538081 0.646976113319397 65
1740458538179 0.6399437189102173 66
1740458538272 0.6483825445175171 67
1740458538369 0.6624472737312317 68
1740458538464 0.6610407829284668 69
1740458538562 0.6582278609275818 70
1740458538655 0.6624472737312317 71
1740458538754 0.6582278609275818 72
1740458538854 0.6751055121421814 73
1740458538949 0.6652601957321167 74
1740458539051 0.6652601957321167 75
1740458539151 0.6793248653411865 76
1740458539249 0.6807313561439514 77
1740458539338 0.6652601957321167 78
1740458539446 0.6849507689476013 79
1740458539551 0.6751055121421814 80
1740458539655 0.694796085357666 81
1740458539756 0.694796085357666 82
1740458539854 0.700421929359436 83
1740458539951 0.7130801677703857 84
1740458540048 0.7102672457695007 85
1740458540149 0.7060478329658508 86
1740458540252 0.7313642501831055 87
1740458540354 0.6933895945549011 88
1740458540462 0.7201125025749207 89
1740458540572 0.7299578189849854 90
1740458540675 0.7116736769676208 91
1740458540770 0.7383966445922852 92
1740458540868 0.7299578189849854 93
1740458540971 0.7454289793968201 94
1740458541065 0.7440224885940552 95
1740458541169 0.7369901537895203 96
1740458541265 0.752461314201355 97
1740458541368 0.7299578189849854 98
1740458541455 0.7538678050041199 99
1740458541549 0.7566807270050049 100
1740458541660 0.7538678050041199 101
1740458541761 0.7679324746131897 102
1740458541857 0.7609001398086548 103
1740458541953 0.7580872178077698 104
1740458542047 0.7623066306114197 105
1740458542139 0.7721518874168396 106
1740458542249 0.7819972038269043 107
1740458542353 0.7651195526123047 108
1740458542456 0.7721518874168396 109
1740458542563 0.7862166166305542 110
1740458542691 0.7721518874168396 111
1740458542814 0.7651195526123047 112
1740458542930 0.7848101258277893 113
1740458543023 0.7848101258277893 114
1740458543132 0.7805907130241394 115
1740458543241 0.7960618734359741 116
1740458543355 0.7777777910232544 117
1740458543453 0.7819972038269043 118
1740458543562 0.797468364238739 119
1740458543664 0.794655442237854 120
1740458543749 0.7918424606323242 121
1740458543850 0.7932489514350891 122
1740458543950 0.800281286239624 123
1740458544061 0.7988747954368591 124
1740458544171 0.7960618734359741 125
1740458544265 0.7988747954368591 126
1740458544368 0.794655442237854 127
1740458544468 0.797468364238739 128
1740458544562 0.7988747954368591 129
1740458544667 0.7988747954368591 130
1740458544771 0.7988747954368591 131
1740458544867 0.7932489514350891 132
1740458544962 0.803094208240509 133
1740458545058 0.8016877770423889 134
1740458545151 0.8115330338478088 135
1740458545259 0.797468364238739 136
1740458545355 0.8045006990432739 137
1740458545451 0.8059071898460388 138
1740458545563 0.800281286239624 139
1740458545658 0.8101266026496887 140
1740458545773 0.8016877770423889 141
1740458545868 0.8129395246505737 142
1740458545969 0.8045006990432739 143
1740458546088 0.8129395246505737 144
1740458546190 0.803094208240509 145
1740458546290 0.8087201118469238 146
1740458546404 0.800281286239624 147
1740458546506 0.8143460154533386 148
1740458546609 0.8016877770423889 149
1740458546700 0.800281286239624 150
1740458546801 0.8073136210441589 151
1740458546901 0.7988747954368591 152
1740458546997 0.800281286239624 153
1740458547086 0.803094208240509 154
1740458547188 0.8087201118469238 155
1740458547266 0.8157524466514587 156
1740458547375 0.8115330338478088 157
1740458547470 0.7876230478286743 158
1740458547550 0.8171589374542236 159
1740458547661 0.8241912722587585 160
1740458547755 0.8073136210441589 161
1740458547855 0.8171589374542236 162
1740458547960 0.8115330338478088 163
1740458548058 0.8129395246505737 164
1740458548153 0.8045006990432739 165
1740458548255 0.8157524466514587 166
1740458548349 0.8143460154533386 167
1740458548454 0.8129395246505737 168
1740458548564 0.8199718594551086 169
1740458548650 0.8101266026496887 170
1740458548749 0.8143460154533386 171
1740458548866 0.8171589374542236 172
1740458548977 0.8115330338478088 173
1740458549085 0.8157524466514587 174
1740458549172 0.8016877770423889 175
1740458549283 0.8241912722587585 176
1740458549383 0.8115330338478088 177
1740458549467 0.8087201118469238 178
1740458549577 0.8143460154533386 179
1740458549670 0.8157524466514587 180
1740458549770 0.8115330338478088 181
1740458549867 0.8171589374542236 182
1740458549970 0.8016877770423889 183
1740458550069 0.8073136210441589 184
1740458550167 0.8157524466514587 185
1740458550273 0.8185654282569885 186
1740458550365 0.803094208240509 187
1740458550467 0.8129395246505737 188
1740458550566 0.8185654282569885 189
1740458550671 0.8171589374542236 190
1740458550749 0.8171589374542236 191
1740458550864 0.8143460154533386 192
1740458550953 0.8115330338478088 193
1740458551059 0.8101266026496887 194
1740458551172 0.8143460154533386 195
1740458551287 0.8241912722587585 196
1740458551408 0.8241912722587585 197
1740458551520 0.8270041942596436 198
1740458551633 0.8185654282569885 199
