1740458531453 0.5519347786903381 0
1740458531588 0.5519347786903381 1
1740458531718 0.5519347786903381 2
1740458531842 0.5519347786903381 3
1740458531995 0.5519347786903381 4
1740458532124 0.5519347786903381 5
1740458532218 0.5519347786903381 6
1740458532314 0.5519347786903381 7
1740458532414 0.5519347786903381 8
1740458532501 0.5519347786903381 9
1740458532604 0.5519347786903381 10
1740458532714 0.5519347786903381 11
1740458532806 0.5519347786903381 12
1740458532902 0.5519347786903381 13
1740458533002 0.5519347786903381 14
1740458533100 0.5519347786903381 15
1740458533195 0.5519347786903381 16
1740458533284 0.5519347786903381 17
1740458533398 0.5519347786903381 18
1740458533500 0.5519347786903381 19
1740458533606 0.5519347786903381 20
1740458533722 0.5519347786903381 21
1740458533821 0.5519347786903381 22
1740458533919 0.5519347786903381 23
1740458534021 0.5519347786903381 24
1740458534116 0.5519347786903381 25
1740458534222 0.5519347786903381 26
1740458534323 0.5519347786903381 27
1740458534428 0.5519347786903381 28
1740458534525 0.5519347786903381 29
1740458534638 0.5519347786903381 30
1740458534741 0.5519347786903381 31
1740458534845 0.5519347786903381 32
1740458534945 0.5519347786903381 33
1740458535043 0.5519347786903381 34
1740458535138 0.5519347786903381 35
1740458535233 0.5519347786903381 36
1740458535330 0.5519347786903381 37
1740458535430 0.5519347786903381 38
1740458535527 0.5519347786903381 39
1740458535617 0.5519347786903381 40
1740458535717 0.5519347786903381 41
1740458535822 0.5519347786903381 42
1740458535916 0.5519347786903381 43
1740458536014 0.5519347786903381 44
1740458536100 0.5519347786903381 45
1740458536201 0.5519347786903381 46
1740458536294 0.5519347786903381 47
1740458536389 0.5519347786903381 48
1740458536484 0.5519347786903381 49
1740458536586 0.5519347786903381 50
1740458536684 0.5519347786903381 51
1740458536780 0.5519347786903381 52
1740458536887 0.5519347786903381 53
1740458536985 0.5519347786903381 54
1740458537089 0.5519347786903381 55
1740458537192 0.5519347786903381 56
1740458537285 0.5519347786903381 57
1740458537404 0.5519347786903381 58
1740458537491 0.5519347786903381 59
1740458537600 0.5519347786903381 60
1740458537694 0.5519347786903381 61
1740458537787 0.5519347786903381 62
1740458537887 0.5519347786903381 63
1740458537982 0.5519347786903381 64
1740458538081 0.5519347786903381 65
1740458538179 0.5519347786903381 66
1740458538272 0.5519347786903381 67
1740458538369 0.5519347786903381 68
1740458538464 0.5519347786903381 69
1740458538562 0.5519347786903381 70
1740458538655 0.5519347786903381 71
1740458538754 0.5519347786903381 72
1740458538854 0.5519347786903381 73
1740458538949 0.5519347786903381 74
1740458539051 0.5519347786903381 75
1740458539151 0.5519347786903381 76
1740458539249 0.5519347786903381 77
1740458539338 0.5519347786903381 78
1740458539446 0.5519347786903381 79
1740458539551 0.5519347786903381 80
1740458539655 0.5519347786903381 81
1740458539756 0.5519347786903381 82
1740458539854 0.5519347786903381 83
1740458539951 0.5519347786903381 84
1740458540048 0.5519347786903381 85
1740458540149 0.5519347786903381 86
1740458540252 0.5519347786903381 87
1740458540354 0.5519347786903381 88
1740458540462 0.5519347786903381 89
1740458540572 0.5519347786903381 90
1740458540675 0.5519347786903381 91
1740458540770 0.5519347786903381 92
1740458540868 0.5519347786903381 93
1740458540971 0.5519347786903381 94
1740458541065 0.5519347786903381 95
1740458541169 0.5519347786903381 96
1740458541265 0.5519347786903381 97
1740458541368 0.5519347786903381 98
1740458541455 0.5519347786903381 99
1740458541549 0.5519347786903381 100
1740458541660 0.5519347786903381 101
1740458541761 0.5519347786903381 102
1740458541857 0.5519347786903381 103
1740458541953 0.5519347786903381 104
1740458542047 0.5519347786903381 105
1740458542139 0.5519347786903381 106
1740458542249 0.5519347786903381 107
1740458542353 0.5519347786903381 108
1740458542456 0.5519347786903381 109
1740458542563 0.5519347786903381 110
1740458542691 0.5519347786903381 111
1740458542814 0.5519347786903381 112
1740458542930 0.5519347786903381 113
1740458543023 0.5519347786903381 114
1740458543132 0.5519347786903381 115
1740458543241 0.5519347786903381 116
1740458543355 0.5519347786903381 117
1740458543453 0.5519347786903381 118
1740458543562 0.5519347786903381 119
1740458543664 0.5519347786903381 120
1740458543749 0.5519347786903381 121
1740458543850 0.5519347786903381 122
1740458543950 0.5519347786903381 123
1740458544061 0.5519347786903381 124
1740458544171 0.5519347786903381 125
1740458544265 0.5519347786903381 126
1740458544368 0.5519347786903381 127
1740458544468 0.5519347786903381 128
1740458544562 0.5519347786903381 129
1740458544667 0.5519347786903381 130
1740458544771 0.5519347786903381 131
1740458544867 0.5519347786903381 132
1740458544962 0.5519347786903381 133
1740458545058 0.5519347786903381 134
1740458545151 0.5519347786903381 135
1740458545259 0.5519347786903381 136
1740458545355 0.5519347786903381 137
1740458545451 0.5519347786903381 138
1740458545563 0.5519347786903381 139
1740458545658 0.5519347786903381 140
1740458545773 0.5519347786903381 141
1740458545868 0.5519347786903381 142
1740458545969 0.5519347786903381 143
1740458546088 0.5519347786903381 144
1740458546190 0.5519347786903381 145
1740458546290 0.5519347786903381 146
1740458546404 0.5519347786903381 147
1740458546506 0.5519347786903381 148
1740458546609 0.5519347786903381 149
1740458546700 0.5519347786903381 150
1740458546801 0.5519347786903381 151
1740458546901 0.5519347786903381 152
1740458546997 0.5519347786903381 153
1740458547086 0.5519347786903381 154
1740458547188 0.5519347786903381 155
1740458547266 0.5519347786903381 156
1740458547375 0.5519347786903381 157
1740458547470 0.5519347786903381 158
1740458547550 0.5519347786903381 159
1740458547661 0.5519347786903381 160
1740458547755 0.5519347786903381 161
1740458547855 0.5519347786903381 162
1740458547960 0.5519347786903381 163
1740458548058 0.5519347786903381 164
1740458548153 0.5519347786903381 165
1740458548255 0.5519347786903381 166
1740458548349 0.5519347786903381 167
1740458548454 0.5519347786903381 168
1740458548564 0.5519347786903381 169
1740458548650 0.5519347786903381 170
1740458548749 0.5519347786903381 171
1740458548866 0.5519347786903381 172
1740458548977 0.5519347786903381 173
1740458549085 0.5519347786903381 174
1740458549172 0.5519347786903381 175
1740458549283 0.5519347786903381 176
1740458549383 0.5519347786903381 177
1740458549467 0.5519347786903381 178
1740458549577 0.5519347786903381 179
1740458549670 0.5519347786903381 180
1740458549770 0.5519347786903381 181
1740458549867 0.5519347786903381 182
1740458549970 0.5519347786903381 183
1740458550069 0.5519347786903381 184
1740458550167 0.5519347786903381 185
1740458550273 0.5519347786903381 186
1740458550365 0.5519347786903381 187
1740458550467 0.5519347786903381 188
1740458550566 0.5519347786903381 189
1740458550671 0.5519347786903381 190
1740458550749 0.5519347786903381 191
1740458550864 0.5519347786903381 192
1740458550953 0.5519347786903381 193
1740458551059 0.5519347786903381 194
1740458551172 0.5519347786903381 195
1740458551287 0.5519347786903381 196
1740458551408 0.5519347786903381 197
1740458551520 0.5519347786903381 198
1740458551633 0.5519347786903381 199
