1740458531453 3.999614715576172 0
1740458531588 3.988842010498047 1
1740458531718 3.9830870628356934 2
1740458531842 3.9698996543884277 3
1740458531995 3.959808588027954 4
1740458532124 3.9448084831237793 5
1740458532218 3.9372940063476562 6
1740458532314 3.9302663803100586 7
1740458532414 3.919503688812256 8
1740458532501 3.9146227836608887 9
1740458532604 3.9038286209106445 10
1740458532714 3.890493869781494 11
1740458532806 3.8833351135253906 12
1740458532902 3.8764758110046387 13
1740458533002 3.8669276237487793 14
1740458533100 3.850651979446411 15
1740458533195 3.8488993644714355 16
1740458533284 3.8400986194610596 17
1740458533398 3.8294837474823 18
1740458533500 3.818976879119873 19
1740458533606 3.811248779296875 20
1740458533722 3.8051960468292236 21
1740458533821 3.7969586849212646 22
1740458533919 3.7837917804718018 23
1740458534021 3.781625270843506 24
1740458534116 3.7670907974243164 25
1740458534222 3.759530782699585 26
1740458534323 3.752998113632202 27
1740458534428 3.7433114051818848 28
1740458534525 3.7354958057403564 29
1740458534638 3.7256507873535156 30
1740458534741 3.719477891921997 31
1740458534845 3.712567090988159 32
1740458534945 3.699775457382202 33
1740458535043 3.694962978363037 34
1740458535138 3.6880738735198975 35
1740458535233 3.677269458770752 36
1740458535330 3.664712905883789 37
1740458535430 3.659834623336792 38
1740458535527 3.656898260116577 39
1740458535617 3.643005609512329 40
1740458535717 3.6389107704162598 41
1740458535822 3.6309289932250977 42
1740458535916 3.6219441890716553 43
1740458536014 3.613539457321167 44
1740458536100 3.60959792137146 45
1740458536201 3.593738317489624 46
1740458536294 3.5903093814849854 47
1740458536389 3.5830676555633545 48
1740458536484 3.5751726627349854 49
1740458536586 3.5708248615264893 50
1740458536684 3.562410354614258 51
1740458536780 3.550044298171997 52
1740458536887 3.5399320125579834 53
1740458536985 3.53578519821167 54
1740458537089 3.52569317817688 55
1740458537192 3.5139689445495605 56
1740458537285 3.5145835876464844 57
1740458537404 3.5077602863311768 58
1740458537491 3.496802568435669 59
1740458537600 3.4892587661743164 60
1740458537694 3.480670690536499 61
1740458537787 3.4710707664489746 62
1740458537887 3.466735363006592 63
1740458537982 3.454068660736084 64
1740458538081 3.447676420211792 65
1740458538179 3.4387729167938232 66
1740458538272 3.436610221862793 67
1740458538369 3.4258060455322266 68
1740458538464 3.4109699726104736 69
1740458538562 3.412749767303467 70
1740458538655 3.4003963470458984 71
1740458538754 3.394597291946411 72
1740458538854 3.3832662105560303 73
1740458538949 3.376429557800293 74
1740458539051 3.3678762912750244 75
1740458539151 3.361166000366211 76
1740458539249 3.3530242443084717 77
1740458539338 3.347144365310669 78
1740458539446 3.336374521255493 79
1740458539551 3.3249473571777344 80
1740458539655 3.3190767765045166 81
1740458539756 3.3199496269226074 82
1740458539854 3.306882619857788 83
1740458539951 3.298433542251587 84
1740458540048 3.2866122722625732 85
1740458540149 3.286113977432251 86
1740458540252 3.26859450340271 87
1740458540354 3.268594264984131 88
1740458540462 3.2575833797454834 89
1740458540572 3.248900890350342 90
1740458540675 3.2463300228118896 91
1740458540770 3.2395665645599365 92
1740458540868 3.2248189449310303 93
1740458540971 3.226365089416504 94
1740458541065 3.218503713607788 95
1740458541169 3.202183485031128 96
1740458541265 3.1935737133026123 97
1740458541368 3.1916091442108154 98
1740458541455 3.1841094493865967 99
1740458541549 3.1703765392303467 100
1740458541660 3.166430711746216 101
1740458541761 3.159587860107422 102
1740458541857 3.1501646041870117 103
1740458541953 3.1483538150787354 104
1740458542047 3.1361570358276367 105
1740458542139 3.1246771812438965 106
1740458542249 3.121244192123413 107
1740458542353 3.1148622035980225 108
1740458542456 3.106022596359253 109
1740458542563 3.0972442626953125 110
1740458542691 3.0990262031555176 111
1740458542814 3.088325262069702 112
1740458542930 3.073758363723755 113
1740458543023 3.072462797164917 114
1740458543132 3.068702459335327 115
1740458543241 3.0543620586395264 116
1740458543355 3.051450252532959 117
1740458543453 3.040653705596924 118
1740458543562 3.02641224861145 119
1740458543664 3.0232653617858887 120
1740458543749 3.020465612411499 121
1740458543850 3.0118048191070557 122
1740458543950 3.010444402694702 123
1740458544061 2.9974565505981445 124
1740458544171 2.9942309856414795 125
1740458544265 2.9784932136535645 126
1740458544368 2.9726345539093018 127
1740458544468 2.9679455757141113 128
1740458544562 2.9616901874542236 129
1740458544667 2.959650754928589 130
1740458544771 2.9469964504241943 131
1740458544867 2.95394229888916 132
1740458544962 2.937647581100464 133
1740458545058 2.927938938140869 134
1740458545151 2.9217073917388916 135
1740458545259 2.908926248550415 136
1740458545355 2.9105987548828125 137
1740458545451 2.9091382026672363 138
1740458545563 2.895874500274658 139
1740458545658 2.8899753093719482 140
1740458545773 2.8890063762664795 141
1740458545868 2.8840510845184326 142
1740458545969 2.8680648803710938 143
1740458546088 2.873337507247925 144
1740458546190 2.864021062850952 145
1740458546290 2.852311849594116 146
1740458546404 2.8568198680877686 147
1740458546506 2.840388774871826 148
1740458546609 2.8427541255950928 149
1740458546700 2.8348519802093506 150
1740458546801 2.820219039916992 151
1740458546901 2.8234755992889404 152
1740458546997 2.809295892715454 153
1740458547086 2.809643030166626 154
1740458547188 2.799347400665283 155
1740458547266 2.790353536605835 156
1740458547375 2.7821826934814453 157
1740458547470 2.788041830062866 158
1740458547550 2.765143632888794 159
1740458547661 2.758765459060669 160
1740458547755 2.7539546489715576 161
1740458547855 2.75726318359375 162
1740458547960 2.748095750808716 163
1740458548058 2.7256174087524414 164
1740458548153 2.744049072265625 165
1740458548255 2.7296175956726074 166
1740458548349 2.7216691970825195 167
1740458548454 2.717801570892334 168
1740458548564 2.7044663429260254 169
1740458548650 2.7177326679229736 170
1740458548749 2.7017221450805664 171
1740458548866 2.6977007389068604 172
1740458548977 2.6881394386291504 173
1740458549085 2.6882400512695312 174
1740458549172 2.6998908519744873 175
1740458549283 2.6681785583496094 176
1740458549383 2.6684646606445312 177
1740458549467 2.6581051349639893 178
1740458549577 2.6590702533721924 179
1740458549670 2.6544671058654785 180
1740458549770 2.6451008319854736 181
1740458549867 2.6352572441101074 182
1740458549970 2.6451480388641357 183
1740458550069 2.6353628635406494 184
1740458550167 2.6189792156219482 185
1740458550273 2.619777202606201 186
1740458550365 2.62030029296875 187
1740458550467 2.6058833599090576 188
1740458550566 2.607142448425293 189
1740458550671 2.5912928581237793 190
1740458550749 2.589745283126831 191
1740458550864 2.5876572132110596 192
1740458550953 2.5914618968963623 193
1740458551059 2.5792481899261475 194
1740458551172 2.562178373336792 195
1740458551287 2.570084571838379 196
1740458551408 2.5579609870910645 197
1740458551520 2.5453293323516846 198
1740458551633 2.5521163940429688 199
