1740458874659 0.6146273016929626 0
1740458874792 0.6413502097129822 1
1740458874910 0.6244725584983826 2
1740458875013 0.6258790493011475 3
1740458875124 0.6244725584983826 4
1740458875241 0.6216596364974976 5
1740458875366 0.6244725584983826 6
1740458875477 0.646976113319397 7
1740458875588 0.700421929359436 8
1740458875725 0.7594936490058899 9
1740458875841 0.794655442237854 10
1740458875968 0.8073136210441589 11
1740458876093 0.800281286239624 12
1740458876226 0.7918424606323242 13
1740458876375 0.8199718594551086 14
1740458876492 0.8171589374542236 15
1740458876607 0.8227847814559937 16
1740458876724 0.8213783502578735 17
1740458876846 0.8213783502578735 18
1740458876967 0.8143460154533386 19
1740458877096 0.8213783502578735 20
1740458877219 0.8241912722587585 21
1740458877338 0.8340365886688232 22
1740458877455 0.8284106850624084 23
1740458877582 0.8227847814559937 24
1740458877708 0.8354430198669434 25
1740458877824 0.8185654282569885 26
1740458877946 0.8312236070632935 27
1740458878069 0.8298171758651733 28
1740458878188 0.8466947674751282 29
1740458878311 0.8227847814559937 30
1740458878419 0.8298171758651733 31
1740458878545 0.8368495106697083 32
1740458878660 0.8452883362770081 33
1740458878774 0.8354430198669434 34
1740458878889 0.842475414276123 35
1740458879004 0.8382560014724731 36
1740458879132 0.8452883362770081 37
1740458879271 0.8340365886688232 38
1740458879405 0.849507749080658 39
1740458879551 0.8452883362770081 40
1740458879669 0.8382560014724731 41
1740458879797 0.8410689234733582 42
1740458879920 0.842475414276123 43
1740458880042 0.8312236070632935 44
1740458880161 0.8255977630615234 45
1740458880274 0.842475414276123 46
1740458880393 0.8382560014724731 47
1740458880511 0.8298171758651733 48
1740458880629 0.8382560014724731 49
1740458880740 0.8354430198669434 50
1740458880866 0.849507749080658 51
1740458880986 0.8466947674751282 52
1740458881109 0.842475414276123 53
1740458881223 0.855133593082428 54
1740458881338 0.8452883362770081 55
1740458881457 0.842475414276123 56
1740458881593 0.8452883362770081 57
1740458881724 0.8410689234733582 58
1740458881847 0.8354430198669434 59
1740458881958 0.8382560014724731 60
1740458882073 0.8481012582778931 61
1740458882209 0.8340365886688232 62
1740458882348 0.8410689234733582 63
1740458882502 0.8410689234733582 64
1740458882646 0.842475414276123 65
1740458882782 0.8452883362770081 66
1740458882915 0.8452883362770081 67
1740458883043 0.8410689234733582 68
1740458883168 0.8438818454742432 69
1740458883305 0.8481012582778931 70
1740458883432 0.8509141802787781 71
1740458883553 0.8368495106697083 72
1740458883672 0.8312236070632935 73
1740458883794 0.8340365886688232 74
1740458883910 0.8438818454742432 75
1740458884028 0.855133593082428 76
1740458884160 0.8396624326705933 77
1740458884276 0.8452883362770081 78
1740458884392 0.8452883362770081 79
1740458884510 0.8509141802787781 80
1740458884626 0.8396624326705933 81
1740458884743 0.842475414276123 82
1740458884866 0.8509141802787781 83
1740458885011 0.842475414276123 84
1740458885133 0.8354430198669434 85
1740458885254 0.8354430198669434 86
1740458885370 0.8368495106697083 87
1740458885486 0.8396624326705933 88
1740458885609 0.849507749080658 89
1740458885742 0.852320671081543 90
1740458885867 0.8410689234733582 91
1740458885986 0.8481012582778931 92
1740458886113 0.8438818454742432 93
1740458886233 0.8354430198669434 94
1740458886351 0.8340365886688232 95
1740458886466 0.8410689234733582 96
1740458886582 0.852320671081543 97
1740458886697 0.8354430198669434 98
1740458886827 0.8481012582778931 99
1740458886961 0.849507749080658 100
1740458887130 0.8410689234733582 101
1740458887266 0.8481012582778931 102
1740458887381 0.8396624326705933 103
1740458887500 0.8565400838851929 104
1740458887625 0.8466947674751282 105
1740458887742 0.852320671081543 106
1740458887865 0.8481012582778931 107
1740458887980 0.842475414276123 108
1740458888100 0.852320671081543 109
1740458888218 0.8481012582778931 110
1740458888336 0.8396624326705933 111
1740458888449 0.8326300978660583 112
1740458888564 0.8438818454742432 113
1740458888680 0.8270041942596436 114
1740458888805 0.8340365886688232 115
