1740458874659 0.5519347786903381 0
1740458874792 0.5519347786903381 1
1740458874910 0.5519347786903381 2
1740458875013 0.5519347786903381 3
1740458875124 0.5519347786903381 4
1740458875241 0.5519347786903381 5
1740458875366 0.5519347786903381 6
1740458875477 0.5519347786903381 7
1740458875588 0.5519347786903381 8
1740458875725 0.5519347786903381 9
1740458875841 0.5519347786903381 10
1740458875968 0.5519347786903381 11
1740458876093 0.5519347786903381 12
1740458876226 0.5519347786903381 13
1740458876375 0.5519347786903381 14
1740458876492 0.5519347786903381 15
1740458876607 0.5519347786903381 16
1740458876724 0.5519347786903381 17
1740458876846 0.5519347786903381 18
1740458876967 0.5519347786903381 19
1740458877096 0.5519347786903381 20
1740458877219 0.5519347786903381 21
1740458877338 0.5519347786903381 22
1740458877455 0.5519347786903381 23
1740458877582 0.5519347786903381 24
1740458877708 0.5519347786903381 25
1740458877824 0.5519347786903381 26
1740458877946 0.5519347786903381 27
1740458878069 0.5519347786903381 28
1740458878188 0.5519347786903381 29
1740458878311 0.5519347786903381 30
1740458878419 0.5519347786903381 31
1740458878545 0.5519347786903381 32
1740458878660 0.5519347786903381 33
1740458878774 0.5519347786903381 34
1740458878889 0.5519347786903381 35
1740458879004 0.5519347786903381 36
1740458879132 0.5519347786903381 37
1740458879271 0.5519347786903381 38
1740458879405 0.5519347786903381 39
1740458879551 0.5519347786903381 40
1740458879669 0.5519347786903381 41
1740458879797 0.5519347786903381 42
1740458879920 0.5519347786903381 43
1740458880042 0.5519347786903381 44
1740458880161 0.5519347786903381 45
1740458880274 0.5519347786903381 46
1740458880393 0.5519347786903381 47
1740458880511 0.5519347786903381 48
1740458880629 0.5519347786903381 49
1740458880740 0.5519347786903381 50
1740458880866 0.5519347786903381 51
1740458880986 0.5519347786903381 52
1740458881109 0.5519347786903381 53
1740458881223 0.5519347786903381 54
1740458881338 0.5519347786903381 55
1740458881457 0.5519347786903381 56
1740458881593 0.5519347786903381 57
1740458881724 0.5519347786903381 58
1740458881847 0.5519347786903381 59
1740458881958 0.5519347786903381 60
1740458882073 0.5519347786903381 61
1740458882209 0.5519347786903381 62
1740458882348 0.5519347786903381 63
1740458882502 0.5519347786903381 64
1740458882646 0.5519347786903381 65
1740458882782 0.5519347786903381 66
1740458882915 0.5519347786903381 67
1740458883043 0.5519347786903381 68
1740458883168 0.5519347786903381 69
1740458883305 0.5519347786903381 70
1740458883432 0.5519347786903381 71
1740458883553 0.5519347786903381 72
1740458883672 0.5519347786903381 73
1740458883794 0.5519347786903381 74
1740458883910 0.5519347786903381 75
1740458884028 0.5519347786903381 76
1740458884160 0.5519347786903381 77
1740458884276 0.5519347786903381 78
1740458884392 0.5519347786903381 79
1740458884510 0.5519347786903381 80
1740458884626 0.5519347786903381 81
1740458884743 0.5519347786903381 82
1740458884866 0.5519347786903381 83
1740458885011 0.5519347786903381 84
1740458885133 0.5519347786903381 85
1740458885254 0.5519347786903381 86
1740458885370 0.5519347786903381 87
1740458885486 0.5519347786903381 88
1740458885609 0.5519347786903381 89
1740458885742 0.5519347786903381 90
1740458885867 0.5519347786903381 91
1740458885986 0.5519347786903381 92
1740458886113 0.5519347786903381 93
1740458886233 0.5519347786903381 94
1740458886351 0.5519347786903381 95
1740458886466 0.5519347786903381 96
1740458886582 0.5519347786903381 97
1740458886697 0.5519347786903381 98
1740458886827 0.5519347786903381 99
1740458886961 0.5519347786903381 100
1740458887130 0.5519347786903381 101
1740458887266 0.5519347786903381 102
1740458887381 0.5519347786903381 103
1740458887500 0.5519347786903381 104
1740458887625 0.5519347786903381 105
1740458887742 0.5519347786903381 106
1740458887865 0.5519347786903381 107
1740458887980 0.5519347786903381 108
1740458888100 0.5519347786903381 109
1740458888218 0.5519347786903381 110
1740458888336 0.5519347786903381 111
1740458888449 0.5519347786903381 112
1740458888564 0.5519347786903381 113
1740458888680 0.5519347786903381 114
1740458888805 0.5519347786903381 115
