1740458874659 5.116162300109863 0
1740458874792 4.754652976989746 1
1740458874910 4.415574550628662 2
1740458875013 4.100157260894775 3
1740458875124 3.8024070262908936 4
1740458875241 3.5315394401550293 5
1740458875366 3.2737059593200684 6
1740458875477 3.0394229888916016 7
1740458875588 2.810056209564209 8
1740458875725 2.598961114883423 9
1740458875841 2.408325433731079 10
1740458875968 2.2352523803710938 11
1740458876093 2.086061477661133 12
1740458876226 1.9447599649429321 13
1740458876375 1.8178551197052002 14
1740458876492 1.695081114768982 15
1740458876607 1.576688289642334 16
1740458876724 1.4975289106369019 17
1740458876846 1.4007920026779175 18
1740458876967 1.3285330533981323 19
1740458877096 1.2614707946777344 20
1740458877219 1.1944842338562012 21
1740458877338 1.1321654319763184 22
1740458877455 1.079474687576294 23
1740458877582 1.0483372211456299 24
1740458877708 0.9883573651313782 25
1740458877824 0.9563694596290588 26
1740458877946 0.9199995398521423 27
1740458878069 0.8857828974723816 28
1740458878188 0.8470835089683533 29
1740458878311 0.8199761509895325 30
1740458878419 0.7916842699050903 31
1740458878545 0.7772876024246216 32
1740458878660 0.7551723718643188 33
1740458878774 0.7305912375450134 34
1740458878889 0.7164559960365295 35
1740458879004 0.7056647539138794 36
1740458879132 0.6800007224082947 37
1740458879271 0.6671823263168335 38
1740458879405 0.666679859161377 39
1740458879551 0.6388879418373108 40
1740458879669 0.6434400081634521 41
1740458879797 0.6217100620269775 42
1740458879920 0.6199338436126709 43
1740458880042 0.6313667893409729 44
1740458880161 0.6123222708702087 45
1740458880274 0.6129873394966125 46
1740458880393 0.5904026627540588 47
1740458880511 0.5896933674812317 48
1740458880629 0.5827156901359558 49
1740458880740 0.5766064524650574 50
1740458880866 0.5739312171936035 51
1740458880986 0.566396951675415 52
1740458881109 0.5603199601173401 53
1740458881223 0.5600902438163757 54
1740458881338 0.5568854808807373 55
1740458881457 0.5671454668045044 56
1740458881593 0.5530650615692139 57
1740458881724 0.5554115772247314 58
1740458881847 0.5510757565498352 59
1740458881958 0.5439306497573853 60
1740458882073 0.549538254737854 61
1740458882209 0.5600166320800781 62
1740458882348 0.5484381318092346 63
1740458882502 0.540341854095459 64
1740458882646 0.5343883037567139 65
1740458882782 0.5511786341667175 66
1740458882915 0.5376155972480774 67
1740458883043 0.5355551838874817 68
1740458883168 0.5342572927474976 69
1740458883305 0.531586229801178 70
1740458883432 0.5333181619644165 71
1740458883553 0.5346058011054993 72
1740458883672 0.5319839119911194 73
1740458883794 0.5318668484687805 74
1740458883910 0.5258895754814148 75
1740458884028 0.5295169949531555 76
1740458884160 0.5337840914726257 77
1740458884276 0.5231364965438843 78
1740458884392 0.5194624066352844 79
1740458884510 0.5268816351890564 80
1740458884626 0.5300411581993103 81
1740458884743 0.5146276354789734 82
1740458884866 0.525265097618103 83
1740458885011 0.5169232487678528 84
1740458885133 0.5304248929023743 85
1740458885254 0.5295974016189575 86
1740458885370 0.5260027647018433 87
1740458885486 0.5325419902801514 88
1740458885609 0.5149595737457275 89
1740458885742 0.5142730474472046 90
1740458885867 0.5172665119171143 91
1740458885986 0.5304402112960815 92
1740458886113 0.5200724601745605 93
1740458886233 0.5228528380393982 94
1740458886351 0.5253742337226868 95
1740458886466 0.5229573845863342 96
1740458886582 0.5075681209564209 97
1740458886697 0.510048508644104 98
1740458886827 0.5086178779602051 99
1740458886961 0.5192815065383911 100
1740458887130 0.5266814827919006 101
1740458887266 0.5157574415206909 102
1740458887381 0.5207300186157227 103
1740458887500 0.5046443939208984 104
1740458887625 0.5063968896865845 105
1740458887742 0.5162827372550964 106
1740458887865 0.5070264339447021 107
1740458887980 0.5105401277542114 108
1740458888100 0.5156195759773254 109
1740458888218 0.5149146914482117 110
1740458888336 0.5191930532455444 111
1740458888449 0.5221331715583801 112
1740458888564 0.5183714628219604 113
1740458888680 0.5227134227752686 114
1740458888805 0.5250097513198853 115
