1740456880650 0.597749650478363 0
1740456880768 0.6216596364974976 1
1740456880868 0.6132208108901978 2
1740456880986 0.6216596364974976 3
1740456881094 0.6202531456947327 4
1740456881200 0.6146273016929626 5
1740456881298 0.6230661273002625 6
1740456881401 0.6188467144966125 7
1740456881500 0.6202531456947327 8
1740456881598 0.6202531456947327 9
1740456881696 0.6230661273002625 10
1740456881801 0.6371307969093323 11
1740456881904 0.6441631317138672 12
1740456882016 0.6455696225166321 13
1740456882118 0.646976113319397 14
1740456882223 0.6540084481239319 15
1740456882335 0.6624472737312317 16
1740456882437 0.6624472737312317 17
1740456882551 0.6793248653411865 18
1740456882667 0.6736990213394165 19
1740456882773 0.6933895945549011 20
1740456882886 0.7088607549667358 21
1740456883003 0.6863572597503662 22
1740456883107 0.6849507689476013 23
1740456883224 0.707454264163971 24
1740456883329 0.700421929359436 25
1740456883450 0.6891701817512512 26
1740456883569 0.6891701817512512 27
1740456883673 0.707454264163971 28
1740456883785 0.6905766725540161 29
1740456883892 0.697609007358551 30
1740456884001 0.703234851360321 31
1740456884109 0.6933895945549011 32
1740456884204 0.7201125025749207 33
1740456884318 0.7172995805740356 34
1740456884418 0.6990154981613159 35
1740456884518 0.7018284201622009 36
1740456884619 0.7060478329658508 37
1740456884719 0.694796085357666 38
1740456884818 0.697609007358551 39
1740456884921 0.707454264163971 40
1740456885028 0.6962025165557861 41
1740456885137 0.7158930897712708 42
1740456885253 0.7088607549667358 43
1740456885370 0.6877636909484863 44
1740456885486 0.6933895945549011 45
1740456885620 0.7018284201622009 46
1740456885734 0.7018284201622009 47
1740456885861 0.7102672457695007 48
1740456885968 0.700421929359436 49
1740456886071 0.7102672457695007 50
1740456886186 0.7088607549667358 51
1740456886286 0.7102672457695007 52
1740456886411 0.7158930897712708 53
1740456886512 0.7144866585731506 54
1740456886614 0.697609007358551 55
1740456886716 0.7201125025749207 56
1740456886820 0.707454264163971 57
1740456886920 0.6962025165557861 58
1740456887024 0.7130801677703857 59
1740456887120 0.7158930897712708 60
1740456887236 0.7046413421630859 61
1740456887339 0.703234851360321 62
1740456887435 0.7130801677703857 63
1740456887549 0.7215189933776855 64
1740456887651 0.7116736769676208 65
1740456887751 0.694796085357666 66
1740456887856 0.7088607549667358 67
1740456887949 0.7116736769676208 68
1740456888066 0.6962025165557861 69
