1740456880650 0.5519347786903381 0
1740456880768 0.5519347786903381 1
1740456880868 0.5519347786903381 2
1740456880986 0.5519347786903381 3
1740456881094 0.5519347786903381 4
1740456881200 0.5519347786903381 5
1740456881298 0.5519347786903381 6
1740456881401 0.5519347786903381 7
1740456881500 0.5519347786903381 8
1740456881598 0.5519347786903381 9
1740456881696 0.5519347786903381 10
1740456881801 0.5519347786903381 11
1740456881904 0.5519347786903381 12
1740456882016 0.5519347786903381 13
1740456882118 0.5519347786903381 14
1740456882223 0.5519347786903381 15
1740456882335 0.5519347786903381 16
1740456882437 0.5519347786903381 17
1740456882551 0.5519347786903381 18
1740456882667 0.5519347786903381 19
1740456882773 0.5519347786903381 20
1740456882886 0.5519347786903381 21
1740456883003 0.5519347786903381 22
1740456883107 0.5519347786903381 23
1740456883224 0.5519347786903381 24
1740456883329 0.5519347786903381 25
1740456883450 0.5519347786903381 26
1740456883569 0.5519347786903381 27
1740456883673 0.5519347786903381 28
1740456883785 0.5519347786903381 29
1740456883892 0.5519347786903381 30
1740456884001 0.5519347786903381 31
1740456884109 0.5519347786903381 32
1740456884204 0.5519347786903381 33
1740456884318 0.5519347786903381 34
1740456884418 0.5519347786903381 35
1740456884518 0.5519347786903381 36
1740456884619 0.5519347786903381 37
1740456884719 0.5519347786903381 38
1740456884818 0.5519347786903381 39
1740456884921 0.5519347786903381 40
1740456885028 0.5519347786903381 41
1740456885137 0.5519347786903381 42
1740456885253 0.5519347786903381 43
1740456885370 0.5519347786903381 44
1740456885486 0.5519347786903381 45
1740456885620 0.5519347786903381 46
1740456885734 0.5519347786903381 47
1740456885861 0.5519347786903381 48
1740456885968 0.5519347786903381 49
1740456886071 0.5519347786903381 50
1740456886186 0.5519347786903381 51
1740456886286 0.5519347786903381 52
1740456886411 0.5519347786903381 53
1740456886512 0.5519347786903381 54
1740456886614 0.5519347786903381 55
1740456886716 0.5519347786903381 56
1740456886820 0.5519347786903381 57
1740456886920 0.5519347786903381 58
1740456887024 0.5519347786903381 59
1740456887120 0.5519347786903381 60
1740456887236 0.5519347786903381 61
1740456887339 0.5519347786903381 62
1740456887435 0.5519347786903381 63
1740456887549 0.5519347786903381 64
1740456887651 0.5519347786903381 65
1740456887751 0.5519347786903381 66
1740456887856 0.5519347786903381 67
1740456887949 0.5519347786903381 68
1740456888066 0.5519347786903381 69
