1740456880650 3.8626720905303955 0
1740456880768 3.6034719944000244 1
1740456880868 3.3710010051727295 2
1740456880986 3.150796890258789 3
1740456881094 2.946523666381836 4
1740456881200 2.7568957805633545 5
1740456881298 2.5808637142181396 6
1740456881401 2.4139273166656494 7
1740456881500 2.2565572261810303 8
1740456881598 2.133772850036621 9
1740456881696 2.001659393310547 10
1740456881801 1.883585810661316 11
1740456881904 1.7754530906677246 12
1740456882016 1.6811960935592651 13
1740456882118 1.5836927890777588 14
1740456882223 1.498163104057312 15
1740456882335 1.4193098545074463 16
1740456882437 1.3569926023483276 17
1740456882551 1.2809405326843262 18
1740456882667 1.2342060804367065 19
1740456882773 1.1672511100769043 20
1740456882886 1.1235475540161133 21
1740456883003 1.0876469612121582 22
1740456883107 1.0440987348556519 23
1740456883224 1.000469446182251 24
1740456883329 0.9696955680847168 25
1740456883450 0.9384738206863403 26
1740456883569 0.9180588126182556 27
1740456883673 0.8829778432846069 28
1740456883785 0.8571736812591553 29
1740456883892 0.841044545173645 30
1740456884001 0.8210632801055908 31
1740456884109 0.8012673258781433 32
1740456884204 0.7752246260643005 33
1740456884318 0.7733368277549744 34
1740456884418 0.7597900032997131 35
1740456884518 0.7580057382583618 36
1740456884619 0.7390230894088745 37
1740456884719 0.7279753088951111 38
1740456884818 0.7245920300483704 39
1740456884921 0.7113282680511475 40
1740456885028 0.7049187421798706 41
1740456885137 0.6913599967956543 42
1740456885253 0.7020006775856018 43
1740456885370 0.6865503787994385 44
1740456885486 0.6899490356445312 45
1740456885620 0.6777567863464355 46
1740456885734 0.6769860982894897 47
1740456885861 0.6734662652015686 48
1740456885968 0.6715531349182129 49
1740456886071 0.6627455949783325 50
1740456886186 0.6702459454536438 51
1740456886286 0.6603203415870667 52
1740456886411 0.6680212020874023 53
1740456886512 0.6530839204788208 54
1740456886614 0.658454418182373 55
1740456886716 0.6438100934028625 56
1740456886820 0.6521845459938049 57
1740456886920 0.6555304527282715 58
1740456887024 0.6572704315185547 59
1740456887120 0.6579928994178772 60
1740456887236 0.6559820175170898 61
1740456887339 0.6512802839279175 62
1740456887435 0.6514180898666382 63
1740456887549 0.6477140188217163 64
1740456887651 0.6499379277229309 65
1740456887751 0.6588926911354065 66
1740456887856 0.6479218602180481 67
1740456887949 0.6473835706710815 68
1740456888066 0.6473497748374939 69
