1740458660578 0.8143460154533386 0
1740458660679 0.8087201118469238 1
1740458660778 0.7960618734359741 2
1740458660860 0.8087201118469238 3
1740458660965 0.8059071898460388 4
1740458661060 0.803094208240509 5
1740458661154 0.8143460154533386 6
1740458661243 0.803094208240509 7
1740458661342 0.8045006990432739 8
1740458661426 0.8129395246505737 9
1740458661526 0.8045006990432739 10
1740458661614 0.8101266026496887 11
1740458661715 0.8115330338478088 12
1740458661808 0.8143460154533386 13
1740458661901 0.800281286239624 14
1740458661995 0.8087201118469238 15
1740458662089 0.8143460154533386 16
1740458662182 0.8101266026496887 17
1740458662260 0.8101266026496887 18
1740458662368 0.8045006990432739 19
1740458662464 0.8213783502578735 20
1740458662558 0.8115330338478088 21
1740458662652 0.8213783502578735 22
1740458662761 0.8059071898460388 23
1740458662860 0.8241912722587585 24
1740458662960 0.8143460154533386 25
1740458663077 0.8129395246505737 26
1740458663176 0.8185654282569885 27
1740458663276 0.8087201118469238 28
1740458663376 0.8087201118469238 29
1740458663478 0.803094208240509 30
1740458663575 0.8115330338478088 31
1740458663676 0.8115330338478088 32
1740458663793 0.8143460154533386 33
1740458663893 0.8143460154533386 34
1740458663993 0.8129395246505737 35
1740458664095 0.8255977630615234 36
1740458664175 0.8115330338478088 37
1740458664276 0.8227847814559937 38
1740458664371 0.8227847814559937 39
1740458664464 0.8157524466514587 40
1740458664545 0.8101266026496887 41
1740458664648 0.8157524466514587 42
1740458664744 0.8143460154533386 43
1740458664841 0.8241912722587585 44
1740458664938 0.8101266026496887 45
1740458665033 0.8213783502578735 46
1740458665125 0.8255977630615234 47
1740458665209 0.8171589374542236 48
1740458665308 0.8227847814559937 49
1740458665395 0.8213783502578735 50
1740458665495 0.8241912722587585 51
1740458665591 0.8129395246505737 52
1740458665682 0.8101266026496887 53
1740458665774 0.8270041942596436 54
1740458665859 0.8284106850624084 55
1740458665942 0.8199718594551086 56
1740458666048 0.8241912722587585 57
1740458666127 0.8115330338478088 58
1740458666230 0.8199718594551086 59
1740458666313 0.8255977630615234 60
1740458666416 0.8171589374542236 61
1740458666513 0.8157524466514587 62
1740458666610 0.8284106850624084 63
1740458666710 0.8298171758651733 64
1740458666811 0.8115330338478088 65
1740458666906 0.8227847814559937 66
1740458666998 0.8143460154533386 67
1740458667102 0.8213783502578735 68
1740458667191 0.8115330338478088 69
1740458667282 0.8284106850624084 70
1740458667381 0.8227847814559937 71
1740458667512 0.8227847814559937 72
1740458667628 0.8227847814559937 73
1740458667747 0.8213783502578735 74
1740458667865 0.8270041942596436 75
1740458667988 0.8199718594551086 76
1740458668079 0.8143460154533386 77
1740458668182 0.8255977630615234 78
1740458668274 0.8185654282569885 79
1740458668375 0.8115330338478088 80
1740458668469 0.8157524466514587 81
1740458668563 0.8312236070632935 82
1740458668659 0.8227847814559937 83
1740458668755 0.8115330338478088 84
1740458668847 0.8382560014724731 85
1740458668925 0.8270041942596436 86
1740458669042 0.8255977630615234 87
1740458669141 0.8227847814559937 88
1740458669242 0.8115330338478088 89
1740458669336 0.8213783502578735 90
1740458669430 0.8312236070632935 91
1740458669522 0.8326300978660583 92
1740458669618 0.8171589374542236 93
1740458669709 0.8213783502578735 94
1740458669811 0.8270041942596436 95
1740458669914 0.8213783502578735 96
1740458670017 0.8312236070632935 97
1740458670111 0.8171589374542236 98
1740458670209 0.8241912722587585 99
1740458670310 0.8101266026496887 100
1740458670408 0.8199718594551086 101
1740458670511 0.8270041942596436 102
1740458670596 0.8213783502578735 103
1740458670692 0.8255977630615234 104
1740458670792 0.8298171758651733 105
1740458670887 0.8312236070632935 106
1740458670981 0.8340365886688232 107
1740458671080 0.8270041942596436 108
1740458671180 0.8368495106697083 109
1740458671292 0.8199718594551086 110
1740458671407 0.8199718594551086 111
1740458671512 0.8241912722587585 112
1740458671626 0.8255977630615234 113
1740458671729 0.8199718594551086 114
1740458671840 0.8284106850624084 115
1740458671942 0.8284106850624084 116
1740458672064 0.8157524466514587 117
1740458672155 0.8312236070632935 118
1740458672250 0.8298171758651733 119
1740458672359 0.8255977630615234 120
1740458672463 0.8298171758651733 121
1740458672557 0.8368495106697083 122
1740458672657 0.8255977630615234 123
1740458672762 0.8312236070632935 124
1740458672862 0.8199718594551086 125
1740458672961 0.8340365886688232 126
1740458673076 0.8326300978660583 127
1740458673158 0.8255977630615234 128
1740458673258 0.8298171758651733 129
1740458673365 0.8241912722587585 130
1740458673472 0.8298171758651733 131
1740458673566 0.8326300978660583 132
1740458673662 0.8255977630615234 133
1740458673746 0.8312236070632935 134
1740458673859 0.8298171758651733 135
1740458673960 0.8354430198669434 136
1740458674067 0.8298171758651733 137
1740458674159 0.8368495106697083 138
1740458674251 0.8171589374542236 139
1740458674348 0.8255977630615234 140
1740458674442 0.8368495106697083 141
1740458674541 0.8396624326705933 142
1740458674644 0.8255977630615234 143
1740458674742 0.8312236070632935 144
1740458674842 0.8227847814559937 145
1740458674939 0.8326300978660583 146
1740458675036 0.8312236070632935 147
1740458675135 0.8481012582778931 148
1740458675249 0.8270041942596436 149
1740458675356 0.8227847814559937 150
1740458675459 0.8270041942596436 151
1740458675578 0.8298171758651733 152
1740458675669 0.8298171758651733 153
1740458675758 0.8382560014724731 154
1740458675875 0.8326300978660583 155
1740458675974 0.8227847814559937 156
1740458676074 0.8368495106697083 157
1740458676190 0.8270041942596436 158
1740458676283 0.8326300978660583 159
1740458676373 0.8340365886688232 160
1740458676471 0.8284106850624084 161
1740458676566 0.8396624326705933 162
1740458676660 0.8298171758651733 163
1740458676761 0.8312236070632935 164
1740458676854 0.8410689234733582 165
1740458676940 0.8312236070632935 166
1740458677042 0.8255977630615234 167
1740458677145 0.8396624326705933 168
1740458677240 0.8368495106697083 169
1740458677325 0.8298171758651733 170
1740458677430 0.8284106850624084 171
1740458677528 0.8298171758651733 172
1740458677623 0.8284106850624084 173
1740458677714 0.8241912722587585 174
1740458677813 0.8326300978660583 175
1740458677913 0.8382560014724731 176
1740458678025 0.8312236070632935 177
1740458678121 0.8284106850624084 178
1740458678213 0.8340365886688232 179
1740458678311 0.8340365886688232 180
1740458678394 0.8312236070632935 181
1740458678506 0.8410689234733582 182
1740458678596 0.8270041942596436 183
1740458678698 0.8396624326705933 184
1740458678798 0.8298171758651733 185
1740458678902 0.8466947674751282 186
1740458678991 0.8326300978660583 187
1740458679097 0.8368495106697083 188
1740458679201 0.8396624326705933 189
1740458679308 0.8382560014724731 190
1740458679426 0.842475414276123 191
1740458679530 0.8354430198669434 192
1740458679635 0.8298171758651733 193
1740458679751 0.8396624326705933 194
1740458679846 0.842475414276123 195
1740458679951 0.8354430198669434 196
1740458680054 0.8382560014724731 197
1740458680147 0.8298171758651733 198
1740458680253 0.8368495106697083 199
1740458680340 0.8396624326705933 200
1740458680455 0.8326300978660583 201
1740458680549 0.8340365886688232 202
1740458680645 0.8284106850624084 203
1740458680741 0.8270041942596436 204
1740458680840 0.8255977630615234 205
1740458680937 0.842475414276123 206
1740458681024 0.8396624326705933 207
1740458681124 0.8368495106697083 208
1740458681223 0.8368495106697083 209
1740458681320 0.8396624326705933 210
1740458681413 0.8354430198669434 211
1740458681514 0.849507749080658 212
1740458681610 0.8326300978660583 213
1740458681690 0.8368495106697083 214
1740458681790 0.8382560014724731 215
1740458681890 0.8241912722587585 216
1740458681974 0.8452883362770081 217
1740458682083 0.8368495106697083 218
1740458682176 0.8326300978660583 219
1740458682271 0.8312236070632935 220
1740458682365 0.8368495106697083 221
1740458682464 0.8312236070632935 222
1740458682556 0.8354430198669434 223
1740458682656 0.8396624326705933 224
1740458682746 0.849507749080658 225
1740458682862 0.8340365886688232 226
1740458682961 0.8382560014724731 227
1740458683078 0.8410689234733582 228
1740458683178 0.8312236070632935 229
1740458683282 0.8270041942596436 230
1740458683393 0.8284106850624084 231
1740458683496 0.8340365886688232 232
1740458683611 0.8368495106697083 233
1740458683714 0.8509141802787781 234
1740458683831 0.8410689234733582 235
1740458683931 0.8410689234733582 236
1740458684041 0.8466947674751282 237
1740458684142 0.8326300978660583 238
1740458684241 0.8354430198669434 239
1740458684341 0.8284106850624084 240
1740458684449 0.8481012582778931 241
1740458684541 0.8438818454742432 242
1740458684634 0.8382560014724731 243
1740458684723 0.8368495106697083 244
1740458684828 0.852320671081543 245
1740458684923 0.8410689234733582 246
1740458685024 0.8298171758651733 247
1740458685125 0.8354430198669434 248
1740458685224 0.8340365886688232 249
1740458685321 0.8298171758651733 250
1740458685424 0.8410689234733582 251
1740458685520 0.842475414276123 252
1740458685613 0.8354430198669434 253
1740458685721 0.8213783502578735 254
1740458685824 0.842475414276123 255
1740458685923 0.8312236070632935 256
1740458686017 0.8466947674751282 257
1740458686106 0.8466947674751282 258
1740458686208 0.8396624326705933 259
1740458686312 0.8452883362770081 260
1740458686406 0.8354430198669434 261
1740458686507 0.8368495106697083 262
1740458686606 0.8340365886688232 263
1740458686702 0.8340365886688232 264
1740458686790 0.8326300978660583 265
1740458686890 0.8396624326705933 266
1740458686993 0.8340365886688232 267
1740458687088 0.8481012582778931 268
1740458687174 0.8438818454742432 269
1740458687292 0.8326300978660583 270
1740458687396 0.842475414276123 271
1740458687510 0.8396624326705933 272
1740458687611 0.8410689234733582 273
1740458687711 0.8466947674751282 274
1740458687826 0.8466947674751282 275
1740458687943 0.8438818454742432 276
1740458688041 0.8354430198669434 277
1740458688167 0.8410689234733582 278
1740458688275 0.842475414276123 279
1740458688394 0.8410689234733582 280
1740458688503 0.8227847814559937 281
1740458688609 0.8368495106697083 282
1740458688714 0.8466947674751282 283
1740458688812 0.8368495106697083 284
1740458688907 0.8452883362770081 285
1740458689028 0.8438818454742432 286
1740458689127 0.8340365886688232 287
1740458689224 0.8396624326705933 288
1740458689331 0.8466947674751282 289
1740458689430 0.8396624326705933 290
1740458689529 0.8438818454742432 291
1740458689628 0.8382560014724731 292
1740458689729 0.8396624326705933 293
1740458689829 0.842475414276123 294
1740458689928 0.8452883362770081 295
1740458690043 0.8452883362770081 296
1740458690144 0.842475414276123 297
1740458690243 0.8354430198669434 298
1740458690360 0.8382560014724731 299
1740458690460 0.8396624326705933 300
1740458690559 0.8340365886688232 301
1740458690666 0.8312236070632935 302
1740458690762 0.8396624326705933 303
1740458690861 0.842475414276123 304
1740458690955 0.8354430198669434 305
1740458691061 0.8284106850624084 306
1740458691155 0.842475414276123 307
1740458691262 0.8509141802787781 308
1740458691391 0.842475414276123 309
1740458691493 0.8354430198669434 310
1740458691593 0.842475414276123 311
1740458691697 0.8481012582778931 312
1740458691800 0.842475414276123 313
1740458691896 0.8410689234733582 314
1740458692011 0.8481012582778931 315
1740458692109 0.849507749080658 316
1740458692215 0.8481012582778931 317
1740458692310 0.8382560014724731 318
1740458692432 0.8452883362770081 319
1740458692527 0.8452883362770081 320
1740458692643 0.8354430198669434 321
1740458692743 0.842475414276123 322
1740458692838 0.8410689234733582 323
1740458692939 0.8368495106697083 324
1740458693045 0.8466947674751282 325
1740458693140 0.8326300978660583 326
1740458693245 0.8382560014724731 327
1740458693348 0.8368495106697083 328
1740458693459 0.8340365886688232 329
1740458693558 0.8312236070632935 330
1740458693657 0.8396624326705933 331
1740458693757 0.842475414276123 332
1740458693872 0.8396624326705933 333
1740458693973 0.8438818454742432 334
1740458694078 0.8368495106697083 335
1740458694177 0.8509141802787781 336
1740458694278 0.8438818454742432 337
1740458694377 0.8410689234733582 338
1740458694474 0.8382560014724731 339
1740458694577 0.8438818454742432 340
1740458694678 0.8354430198669434 341
1740458694772 0.842475414276123 342
1740458694890 0.8466947674751282 343
1740458694995 0.842475414276123 344
1740458695097 0.8410689234733582 345
1740458695213 0.8382560014724731 346
1740458695306 0.8326300978660583 347
1740458695426 0.8438818454742432 348
1740458695523 0.855133593082428 349
1740458695645 0.8368495106697083 350
1740458695739 0.8452883362770081 351
1740458695850 0.8509141802787781 352
1740458695960 0.8438818454742432 353
1740458696069 0.8466947674751282 354
1740458696175 0.8410689234733582 355
1740458696274 0.8368495106697083 356
1740458696373 0.8396624326705933 357
1740458696478 0.8368495106697083 358
1740458696578 0.8481012582778931 359
1740458696671 0.849507749080658 360
1740458696777 0.8354430198669434 361
1740458696871 0.8452883362770081 362
1740458696972 0.8438818454742432 363
1740458697078 0.8382560014724731 364
1740458697180 0.8382560014724731 365
1740458697293 0.849507749080658 366
1740458697394 0.8466947674751282 367
1740458697488 0.8537271618843079 368
1740458697600 0.8438818454742432 369
1740458697694 0.8368495106697083 370
1740458697796 0.8452883362770081 371
1740458697897 0.8466947674751282 372
1740458698011 0.8312236070632935 373
1740458698131 0.8396624326705933 374
1740458698228 0.8438818454742432 375
1740458698342 0.8410689234733582 376
1740458698444 0.8452883362770081 377
1740458698540 0.842475414276123 378
1740458698654 0.8382560014724731 379
1740458698759 0.8452883362770081 380
1740458698862 0.8326300978660583 381
1740458698963 0.842475414276123 382
1740458699076 0.8438818454742432 383
1740458699178 0.8312236070632935 384
1740458699280 0.8368495106697083 385
1740458699381 0.8396624326705933 386
1740458699488 0.8410689234733582 387
1740458699592 0.8466947674751282 388
1740458699691 0.8452883362770081 389
1740458699794 0.8382560014724731 390
1740458699896 0.8452883362770081 391
1740458699989 0.8396624326705933 392
1740458700100 0.842475414276123 393
1740458700212 0.8340365886688232 394
1740458700310 0.8340365886688232 395
1740458700405 0.8382560014724731 396
1740458700508 0.842475414276123 397
1740458700606 0.8466947674751282 398
1740458700712 0.8382560014724731 399
1740458700812 0.852320671081543 400
1740458700923 0.8368495106697083 401
1740458701023 0.8466947674751282 402
1740458701122 0.8509141802787781 403
1740458701234 0.8298171758651733 404
1740458701329 0.8410689234733582 405
1740458701439 0.8466947674751282 406
1740458701539 0.8382560014724731 407
1740458701639 0.842475414276123 408
1740458701740 0.8340365886688232 409
1740458701839 0.8312236070632935 410
1740458701939 0.842475414276123 411
1740458702046 0.852320671081543 412
1740458702156 0.8466947674751282 413
1740458702256 0.8438818454742432 414
1740458702361 0.8452883362770081 415
1740458702461 0.842475414276123 416
1740458702555 0.8410689234733582 417
1740458702661 0.842475414276123 418
1740458702753 0.8312236070632935 419
1740458702871 0.8368495106697083 420
1740458702973 0.8466947674751282 421
1740458703073 0.8354430198669434 422
1740458703181 0.8481012582778931 423
1740458703290 0.8368495106697083 424
1740458703397 0.842475414276123 425
1740458703496 0.842475414276123 426
1740458703599 0.849507749080658 427
1740458703711 0.8410689234733582 428
1740458703828 0.852320671081543 429
1740458703924 0.8438818454742432 430
1740458704042 0.8340365886688232 431
1740458704157 0.8368495106697083 432
1740458704261 0.8396624326705933 433
1740458704362 0.852320671081543 434
1740458704464 0.8466947674751282 435
1740458704560 0.8326300978660583 436
1740458704678 0.8255977630615234 437
1740458704780 0.8368495106697083 438
1740458704879 0.8452883362770081 439
1740458704977 0.8340365886688232 440
1740458705081 0.8466947674751282 441
1740458705189 0.849507749080658 442
1740458705289 0.8452883362770081 443
1740458705379 0.8340365886688232 444
1740458705494 0.842475414276123 445
1740458705595 0.8368495106697083 446
1740458705688 0.8382560014724731 447
1740458705793 0.842475414276123 448
1740458705893 0.8410689234733582 449
1740458705989 0.8227847814559937 450
1740458706086 0.842475414276123 451
1740458706187 0.8382560014724731 452
1740458706281 0.8438818454742432 453
1740458706391 0.8354430198669434 454
1740458706491 0.8368495106697083 455
1740458706589 0.8354430198669434 456
1740458706689 0.8452883362770081 457
1740458706789 0.842475414276123 458
1740458706879 0.8410689234733582 459
1740458706992 0.8438818454742432 460
1740458707092 0.8438818454742432 461
1740458707197 0.849507749080658 462
1740458707313 0.8481012582778931 463
1740458707414 0.8382560014724731 464
1740458707506 0.8410689234733582 465
1740458707628 0.849507749080658 466
1740458707737 0.8396624326705933 467
1740458707839 0.8382560014724731 468
1740458707939 0.8354430198669434 469
1740458708058 0.8410689234733582 470
1740458708156 0.8396624326705933 471
1740458708256 0.8481012582778931 472
1740458708360 0.8410689234733582 473
1740458708461 0.842475414276123 474
1740458708564 0.8340365886688232 475
1740458708665 0.8466947674751282 476
1740458708763 0.849507749080658 477
1740458708859 0.849507749080658 478
1740458708963 0.842475414276123 479
1740458709063 0.842475414276123 480
1740458709164 0.8481012582778931 481
1740458709265 0.8452883362770081 482
1740458709369 0.852320671081543 483
1740458709474 0.8438818454742432 484
1740458709578 0.8452883362770081 485
1740458709672 0.8410689234733582 486
1740458709769 0.8481012582778931 487
1740458709872 0.8312236070632935 488
1740458709972 0.8368495106697083 489
1740458710062 0.8382560014724731 490
1740458710174 0.8452883362770081 491
1740458710261 0.8466947674751282 492
1740458710372 0.8466947674751282 493
1740458710478 0.8466947674751282 494
1740458710572 0.8410689234733582 495
1740458710690 0.8340365886688232 496
1740458710786 0.8298171758651733 497
1740458710887 0.8396624326705933 498
1740458710989 0.8396624326705933 499
1740458711088 0.8410689234733582 500
1740458711189 0.8438818454742432 501
1740458711289 0.8481012582778931 502
1740458711401 0.8438818454742432 503
1740458711505 0.8452883362770081 504
1740458711597 0.8354430198669434 505
1740458711688 0.842475414276123 506
1740458711796 0.8438818454742432 507
1740458711898 0.8452883362770081 508
1740458712005 0.8382560014724731 509
1740458712158 0.8466947674751282 510
1740458712262 0.8481012582778931 511
1740458712372 0.849507749080658 512
1740458712505 0.8509141802787781 513
1740458712604 0.8396624326705933 514
1740458712705 0.8368495106697083 515
1740458712809 0.8410689234733582 516
1740458712904 0.8354430198669434 517
1740458713013 0.8410689234733582 518
1740458713112 0.8368495106697083 519
1740458713214 0.8438818454742432 520
1740458713314 0.8466947674751282 521
1740458713417 0.8410689234733582 522
1740458713524 0.842475414276123 523
1740458713641 0.8537271618843079 524
1740458713748 0.8466947674751282 525
1740458713887 0.8382560014724731 526
1740458713988 0.8537271618843079 527
1740458714105 0.8326300978660583 528
1740458714220 0.8438818454742432 529
1740458714322 0.8410689234733582 530
1740458714421 0.8382560014724731 531
1740458714540 0.8452883362770081 532
1740458714658 0.8396624326705933 533
1740458714758 0.852320671081543 534
1740458714871 0.8509141802787781 535
1740458714974 0.849507749080658 536
1740458715074 0.8466947674751282 537
1740458715192 0.8466947674751282 538
1740458715311 0.849507749080658 539
1740458715411 0.8368495106697083 540
1740458715522 0.8270041942596436 541
1740458715661 0.8382560014724731 542
1740458715788 0.842475414276123 543
1740458715914 0.8481012582778931 544
1740458716020 0.8452883362770081 545
1740458716144 0.8340365886688232 546
1740458716260 0.8481012582778931 547
1740458716358 0.8466947674751282 548
1740458716476 0.8312236070632935 549
1740458716572 0.842475414276123 550
1740458716677 0.8396624326705933 551
1740458716772 0.8452883362770081 552
1740458716871 0.8410689234733582 553
1740458716973 0.8410689234733582 554
1740458717095 0.8382560014724731 555
1740458717189 0.8466947674751282 556
1740458717305 0.8438818454742432 557
1740458717407 0.8312236070632935 558
1740458717505 0.849507749080658 559
1740458717611 0.8466947674751282 560
1740458717726 0.8354430198669434 561
1740458717822 0.852320671081543 562
1740458717938 0.842475414276123 563
1740458718037 0.8481012582778931 564
1740458718138 0.8452883362770081 565
1740458718245 0.8410689234733582 566
1740458718344 0.8452883362770081 567
1740458718443 0.8466947674751282 568
1740458718554 0.855133593082428 569
1740458718655 0.8368495106697083 570
1740458718771 0.8466947674751282 571
1740458718890 0.8481012582778931 572
1740458718988 0.8466947674751282 573
1740458719111 0.8466947674751282 574
1740458719221 0.8466947674751282 575
1740458719341 0.852320671081543 576
1740458719463 0.8565400838851929 577
1740458719574 0.8438818454742432 578
1740458719673 0.8481012582778931 579
1740458719771 0.849507749080658 580
1740458719885 0.8537271618843079 581
1740458719991 0.8368495106697083 582
1740458720094 0.8284106850624084 583
1740458720221 0.8438818454742432 584
1740458720346 0.8396624326705933 585
1740458720441 0.8481012582778931 586
1740458720542 0.8326300978660583 587
1740458720637 0.8438818454742432 588
1740458720738 0.8466947674751282 589
1740458720854 0.8368495106697083 590
1740458720961 0.8368495106697083 591
1740458721061 0.8382560014724731 592
1740458721173 0.852320671081543 593
1740458721275 0.8466947674751282 594
1740458721371 0.849507749080658 595
1740458721488 0.8466947674751282 596
1740458721588 0.8565400838851929 597
1740458721688 0.849507749080658 598
1740458721806 0.8340365886688232 599
1740458721910 0.8466947674751282 600
1740458722011 0.8354430198669434 601
1740458722110 0.8410689234733582 602
1740458722235 0.8452883362770081 603
1740458722338 0.8410689234733582 604
1740458722438 0.8466947674751282 605
1740458722558 0.849507749080658 606
1740458722654 0.8452883362770081 607
1740458722754 0.8466947674751282 608
1740458722871 0.8382560014724731 609
1740458722971 0.8481012582778931 610
1740458723085 0.8481012582778931 611
1740458723188 0.8481012582778931 612
1740458723288 0.8410689234733582 613
1740458723406 0.842475414276123 614
1740458723522 0.8396624326705933 615
1740458723636 0.8410689234733582 616
1740458723740 0.8410689234733582 617
1740458723854 0.842475414276123 618
1740458723957 0.842475414276123 619
1740458724058 0.8410689234733582 620
1740458724165 0.852320671081543 621
1740458724287 0.8579465746879578 622
1740458724388 0.8396624326705933 623
1740458724497 0.8382560014724731 624
1740458724598 0.8438818454742432 625
1740458724718 0.8368495106697083 626
1740458724838 0.8396624326705933 627
1740458724977 0.8481012582778931 628
1740458725101 0.8452883362770081 629
1740458725208 0.8410689234733582 630
1740458725338 0.8466947674751282 631
1740458725455 0.8452883362770081 632
1740458725591 0.8410689234733582 633
1740458725701 0.8368495106697083 634
1740458725828 0.8438818454742432 635
1740458725937 0.8438818454742432 636
1740458726040 0.8368495106697083 637
1740458726155 0.855133593082428 638
1740458726255 0.8326300978660583 639
1740458726357 0.8466947674751282 640
1740458726460 0.8354430198669434 641
1740458726560 0.8438818454742432 642
1740458726671 0.8438818454742432 643
1740458726795 0.852320671081543 644
1740458726893 0.8396624326705933 645
1740458726994 0.8312236070632935 646
1740458727087 0.8466947674751282 647
1740458727206 0.8481012582778931 648
1740458727303 0.8607594966888428 649
1740458727415 0.8410689234733582 650
1740458727527 0.849507749080658 651
1740458727640 0.8607594966888428 652
1740458727761 0.8579465746879578 653
1740458727887 0.8382560014724731 654
1740458727986 0.8368495106697083 655
1740458728110 0.8438818454742432 656
1740458728229 0.849507749080658 657
1740458728345 0.842475414276123 658
1740458728454 0.8396624326705933 659
1740458728571 0.8466947674751282 660
1740458728669 0.8481012582778931 661
1740458728787 0.8410689234733582 662
1740458728909 0.8410689234733582 663
1740458729041 0.8481012582778931 664
1740458729153 0.8368495106697083 665
1740458729254 0.8481012582778931 666
1740458729362 0.8509141802787781 667
1740458729475 0.8410689234733582 668
1740458729576 0.8452883362770081 669
1740458729699 0.8438818454742432 670
1740458729812 0.8312236070632935 671
1740458729909 0.8368495106697083 672
1740458730013 0.842475414276123 673
1740458730120 0.8340365886688232 674
1740458730220 0.8466947674751282 675
1740458730338 0.8452883362770081 676
1740458730437 0.842475414276123 677
1740458730552 0.8537271618843079 678
1740458730654 0.8438818454742432 679
1740458730776 0.842475414276123 680
1740458730900 0.849507749080658 681
1740458731037 0.8368495106697083 682
1740458731150 0.8481012582778931 683
1740458731254 0.842475414276123 684
1740458731375 0.8438818454742432 685
1740458731476 0.8509141802787781 686
1740458731608 0.8466947674751282 687
1740458731741 0.849507749080658 688
1740458731860 0.849507749080658 689
1740458731961 0.8537271618843079 690
1740458732070 0.8452883362770081 691
1740458732174 0.8438818454742432 692
1740458732287 0.8410689234733582 693
1740458732403 0.8452883362770081 694
1740458732503 0.8438818454742432 695
1740458732603 0.8452883362770081 696
1740458732724 0.852320671081543 697
1740458732855 0.8410689234733582 698
1740458732956 0.8396624326705933 699
1740458733087 0.8298171758651733 700
1740458733187 0.8452883362770081 701
1740458733302 0.8509141802787781 702
1740458733420 0.8410689234733582 703
1740458733536 0.842475414276123 704
1740458733637 0.8537271618843079 705
1740458733757 0.8410689234733582 706
1740458733875 0.8466947674751282 707
1740458733974 0.8481012582778931 708
1740458734108 0.8410689234733582 709
1740458734243 0.8466947674751282 710
1740458734365 0.8452883362770081 711
1740458734483 0.8481012582778931 712
1740458734599 0.842475414276123 713
1740458734730 0.8382560014724731 714
1740458734842 0.842475414276123 715
1740458734942 0.8354430198669434 716
1740458735053 0.842475414276123 717
1740458735158 0.852320671081543 718
1740458735255 0.8354430198669434 719
1740458735370 0.842475414276123 720
1740458735477 0.849507749080658 721
1740458735587 0.8382560014724731 722
1740458735689 0.8354430198669434 723
1740458735806 0.8466947674751282 724
1740458735906 0.8466947674751282 725
1740458736031 0.842475414276123 726
1740458736137 0.8410689234733582 727
1740458736253 0.8326300978660583 728
1740458736374 0.855133593082428 729
1740458736477 0.849507749080658 730
1740458736588 0.8438818454742432 731
1740458736692 0.842475414276123 732
1740458736808 0.8537271618843079 733
1740458736903 0.8438818454742432 734
1740458737020 0.8410689234733582 735
1740458737120 0.842475414276123 736
1740458737239 0.8438818454742432 737
1740458737356 0.8466947674751282 738
1740458737457 0.849507749080658 739
1740458737574 0.849507749080658 740
1740458737677 0.8466947674751282 741
1740458737778 0.8509141802787781 742
1740458737888 0.852320671081543 743
1740458737989 0.8481012582778931 744
1740458738085 0.8509141802787781 745
1740458738214 0.849507749080658 746
1740458738321 0.8509141802787781 747
1740458738425 0.852320671081543 748
1740458738538 0.8452883362770081 749
1740458738641 0.842475414276123 750
1740458738755 0.8382560014724731 751
1740458738886 0.852320671081543 752
1740458739009 0.8382560014724731 753
1740458739119 0.855133593082428 754
1740458739238 0.8452883362770081 755
1740458739358 0.8438818454742432 756
1740458739482 0.8396624326705933 757
1740458739603 0.8466947674751282 758
1740458739724 0.8452883362770081 759
1740458739837 0.852320671081543 760
1740458739969 0.8382560014724731 761
1740458740120 0.852320671081543 762
1740458740236 0.8452883362770081 763
1740458740336 0.849507749080658 764
1740458740461 0.8410689234733582 765
1740458740560 0.8340365886688232 766
1740458740669 0.8452883362770081 767
1740458740786 0.8481012582778931 768
1740458740905 0.842475414276123 769
1740458741008 0.8354430198669434 770
1740458741103 0.8382560014724731 771
1740458741237 0.8326300978660583 772
1740458741342 0.8481012582778931 773
1740458741435 0.8466947674751282 774
1740458741555 0.8396624326705933 775
1740458741655 0.849507749080658 776
1740458741775 0.842475414276123 777
1740458741889 0.8438818454742432 778
1740458742019 0.8340365886688232 779
1740458742151 0.849507749080658 780
1740458742266 0.8537271618843079 781
1740458742390 0.8466947674751282 782
1740458742519 0.8382560014724731 783
1740458742659 0.8368495106697083 784
1740458742786 0.8354430198669434 785
1740458742901 0.849507749080658 786
1740458743003 0.8382560014724731 787
1740458743119 0.842475414276123 788
1740458743218 0.855133593082428 789
1740458743338 0.8340365886688232 790
1740458743436 0.842475414276123 791
1740458743555 0.8452883362770081 792
1740458743673 0.8382560014724731 793
1740458743786 0.8481012582778931 794
1740458743894 0.8509141802787781 795
1740458744015 0.8466947674751282 796
1740458744138 0.842475414276123 797
1740458744239 0.8565400838851929 798
1740458744369 0.842475414276123 799
