1740458660578 0.5519347786903381 0
1740458660679 0.5519347786903381 1
1740458660778 0.5519347786903381 2
1740458660860 0.5519347786903381 3
1740458660965 0.5519347786903381 4
1740458661060 0.5519347786903381 5
1740458661154 0.5519347786903381 6
1740458661243 0.5519347786903381 7
1740458661342 0.5519347786903381 8
1740458661426 0.5519347786903381 9
1740458661526 0.5519347786903381 10
1740458661614 0.5519347786903381 11
1740458661715 0.5519347786903381 12
1740458661808 0.5519347786903381 13
1740458661901 0.5519347786903381 14
1740458661995 0.5519347786903381 15
1740458662089 0.5519347786903381 16
1740458662182 0.5519347786903381 17
1740458662260 0.5519347786903381 18
1740458662368 0.5519347786903381 19
1740458662464 0.5519347786903381 20
1740458662558 0.5519347786903381 21
1740458662652 0.5519347786903381 22
1740458662761 0.5519347786903381 23
1740458662860 0.5519347786903381 24
1740458662960 0.5519347786903381 25
1740458663077 0.5519347786903381 26
1740458663176 0.5519347786903381 27
1740458663276 0.5519347786903381 28
1740458663376 0.5519347786903381 29
1740458663478 0.5519347786903381 30
1740458663575 0.5519347786903381 31
1740458663676 0.5519347786903381 32
1740458663793 0.5519347786903381 33
1740458663893 0.5519347786903381 34
1740458663993 0.5519347786903381 35
1740458664095 0.5519347786903381 36
1740458664175 0.5519347786903381 37
1740458664276 0.5519347786903381 38
1740458664371 0.5519347786903381 39
1740458664464 0.5519347786903381 40
1740458664545 0.5519347786903381 41
1740458664648 0.5519347786903381 42
1740458664744 0.5519347786903381 43
1740458664841 0.5519347786903381 44
1740458664938 0.5519347786903381 45
1740458665033 0.5519347786903381 46
1740458665125 0.5519347786903381 47
1740458665209 0.5519347786903381 48
1740458665308 0.5519347786903381 49
1740458665395 0.5519347786903381 50
1740458665495 0.5519347786903381 51
1740458665591 0.5519347786903381 52
1740458665682 0.5519347786903381 53
1740458665774 0.5519347786903381 54
1740458665859 0.5519347786903381 55
1740458665942 0.5519347786903381 56
1740458666048 0.5519347786903381 57
1740458666127 0.5519347786903381 58
1740458666230 0.5519347786903381 59
1740458666313 0.5519347786903381 60
1740458666416 0.5519347786903381 61
1740458666513 0.5519347786903381 62
1740458666610 0.5519347786903381 63
1740458666710 0.5519347786903381 64
1740458666811 0.5519347786903381 65
1740458666906 0.5519347786903381 66
1740458666998 0.5519347786903381 67
1740458667102 0.5519347786903381 68
1740458667191 0.5519347786903381 69
1740458667282 0.5519347786903381 70
1740458667381 0.5519347786903381 71
1740458667512 0.5519347786903381 72
1740458667628 0.5519347786903381 73
1740458667747 0.5519347786903381 74
1740458667865 0.5519347786903381 75
1740458667988 0.5519347786903381 76
1740458668079 0.5519347786903381 77
1740458668182 0.5519347786903381 78
1740458668274 0.5519347786903381 79
1740458668375 0.5519347786903381 80
1740458668469 0.5519347786903381 81
1740458668563 0.5519347786903381 82
1740458668659 0.5519347786903381 83
1740458668755 0.5519347786903381 84
1740458668847 0.5519347786903381 85
1740458668925 0.5519347786903381 86
1740458669042 0.5519347786903381 87
1740458669141 0.5519347786903381 88
1740458669242 0.5519347786903381 89
1740458669336 0.5519347786903381 90
1740458669430 0.5519347786903381 91
1740458669522 0.5519347786903381 92
1740458669618 0.5519347786903381 93
1740458669709 0.5519347786903381 94
1740458669811 0.5519347786903381 95
1740458669914 0.5519347786903381 96
1740458670017 0.5519347786903381 97
1740458670111 0.5519347786903381 98
1740458670209 0.5519347786903381 99
1740458670310 0.5519347786903381 100
1740458670408 0.5519347786903381 101
1740458670511 0.5519347786903381 102
1740458670596 0.5519347786903381 103
1740458670692 0.5519347786903381 104
1740458670792 0.5519347786903381 105
1740458670887 0.5519347786903381 106
1740458670981 0.5519347786903381 107
1740458671080 0.5519347786903381 108
1740458671180 0.5519347786903381 109
1740458671292 0.5519347786903381 110
1740458671407 0.5519347786903381 111
1740458671512 0.5519347786903381 112
1740458671626 0.5519347786903381 113
1740458671729 0.5519347786903381 114
1740458671840 0.5519347786903381 115
1740458671942 0.5519347786903381 116
1740458672064 0.5519347786903381 117
1740458672155 0.5519347786903381 118
1740458672250 0.5519347786903381 119
1740458672359 0.5519347786903381 120
1740458672463 0.5519347786903381 121
1740458672557 0.5519347786903381 122
1740458672657 0.5519347786903381 123
1740458672762 0.5519347786903381 124
1740458672862 0.5519347786903381 125
1740458672961 0.5519347786903381 126
1740458673076 0.5519347786903381 127
1740458673158 0.5519347786903381 128
1740458673258 0.5519347786903381 129
1740458673365 0.5519347786903381 130
1740458673472 0.5519347786903381 131
1740458673566 0.5519347786903381 132
1740458673662 0.5519347786903381 133
1740458673746 0.5519347786903381 134
1740458673859 0.5519347786903381 135
1740458673960 0.5519347786903381 136
1740458674067 0.5519347786903381 137
1740458674159 0.5519347786903381 138
1740458674251 0.5519347786903381 139
1740458674348 0.5519347786903381 140
1740458674442 0.5519347786903381 141
1740458674541 0.5519347786903381 142
1740458674644 0.5519347786903381 143
1740458674742 0.5519347786903381 144
1740458674842 0.5519347786903381 145
1740458674939 0.5519347786903381 146
1740458675036 0.5519347786903381 147
1740458675135 0.5519347786903381 148
1740458675249 0.5519347786903381 149
1740458675356 0.5519347786903381 150
1740458675459 0.5519347786903381 151
1740458675578 0.5519347786903381 152
1740458675669 0.5519347786903381 153
1740458675758 0.5519347786903381 154
1740458675875 0.5519347786903381 155
1740458675974 0.5519347786903381 156
1740458676074 0.5519347786903381 157
1740458676190 0.5519347786903381 158
1740458676283 0.5519347786903381 159
1740458676373 0.5519347786903381 160
1740458676471 0.5519347786903381 161
1740458676566 0.5519347786903381 162
1740458676660 0.5519347786903381 163
1740458676761 0.5519347786903381 164
1740458676854 0.5519347786903381 165
1740458676940 0.5519347786903381 166
1740458677042 0.5519347786903381 167
1740458677145 0.5519347786903381 168
1740458677240 0.5519347786903381 169
1740458677325 0.5519347786903381 170
1740458677430 0.5519347786903381 171
1740458677528 0.5519347786903381 172
1740458677623 0.5519347786903381 173
1740458677714 0.5519347786903381 174
1740458677813 0.5519347786903381 175
1740458677913 0.5519347786903381 176
1740458678025 0.5519347786903381 177
1740458678121 0.5519347786903381 178
1740458678213 0.5519347786903381 179
1740458678311 0.5519347786903381 180
1740458678394 0.5519347786903381 181
1740458678506 0.5519347786903381 182
1740458678596 0.5519347786903381 183
1740458678698 0.5519347786903381 184
1740458678798 0.5519347786903381 185
1740458678902 0.5519347786903381 186
1740458678991 0.5519347786903381 187
1740458679097 0.5519347786903381 188
1740458679201 0.5519347786903381 189
1740458679308 0.5519347786903381 190
1740458679426 0.5519347786903381 191
1740458679530 0.5519347786903381 192
1740458679635 0.5519347786903381 193
1740458679751 0.5519347786903381 194
1740458679846 0.5519347786903381 195
1740458679951 0.5519347786903381 196
1740458680054 0.5519347786903381 197
1740458680147 0.5519347786903381 198
1740458680253 0.5519347786903381 199
1740458680340 0.5519347786903381 200
1740458680455 0.5519347786903381 201
1740458680549 0.5519347786903381 202
1740458680645 0.5519347786903381 203
1740458680741 0.5519347786903381 204
1740458680840 0.5519347786903381 205
1740458680937 0.5519347786903381 206
1740458681024 0.5519347786903381 207
1740458681124 0.5519347786903381 208
1740458681223 0.5519347786903381 209
1740458681320 0.5519347786903381 210
1740458681413 0.5519347786903381 211
1740458681514 0.5519347786903381 212
1740458681610 0.5519347786903381 213
1740458681690 0.5519347786903381 214
1740458681790 0.5519347786903381 215
1740458681890 0.5519347786903381 216
1740458681974 0.5519347786903381 217
1740458682083 0.5519347786903381 218
1740458682176 0.5519347786903381 219
1740458682271 0.5519347786903381 220
1740458682365 0.5519347786903381 221
1740458682464 0.5519347786903381 222
1740458682556 0.5519347786903381 223
1740458682656 0.5519347786903381 224
1740458682746 0.5519347786903381 225
1740458682862 0.5519347786903381 226
1740458682961 0.5519347786903381 227
1740458683078 0.5519347786903381 228
1740458683178 0.5519347786903381 229
1740458683282 0.5519347786903381 230
1740458683393 0.5519347786903381 231
1740458683496 0.5519347786903381 232
1740458683611 0.5519347786903381 233
1740458683714 0.5519347786903381 234
1740458683831 0.5519347786903381 235
1740458683931 0.5519347786903381 236
1740458684041 0.5519347786903381 237
1740458684142 0.5519347786903381 238
1740458684241 0.5519347786903381 239
1740458684341 0.5519347786903381 240
1740458684449 0.5519347786903381 241
1740458684541 0.5519347786903381 242
1740458684634 0.5519347786903381 243
1740458684723 0.5519347786903381 244
1740458684828 0.5519347786903381 245
1740458684923 0.5519347786903381 246
1740458685024 0.5519347786903381 247
1740458685125 0.5519347786903381 248
1740458685224 0.5519347786903381 249
1740458685321 0.5519347786903381 250
1740458685424 0.5519347786903381 251
1740458685520 0.5519347786903381 252
1740458685613 0.5519347786903381 253
1740458685721 0.5519347786903381 254
1740458685824 0.5519347786903381 255
1740458685923 0.5519347786903381 256
1740458686017 0.5519347786903381 257
1740458686106 0.5519347786903381 258
1740458686208 0.5519347786903381 259
1740458686312 0.5519347786903381 260
1740458686406 0.5519347786903381 261
1740458686507 0.5519347786903381 262
1740458686606 0.5519347786903381 263
1740458686702 0.5519347786903381 264
1740458686790 0.5519347786903381 265
1740458686890 0.5519347786903381 266
1740458686993 0.5519347786903381 267
1740458687088 0.5519347786903381 268
1740458687174 0.5519347786903381 269
1740458687292 0.5519347786903381 270
1740458687396 0.5519347786903381 271
1740458687510 0.5519347786903381 272
1740458687611 0.5519347786903381 273
1740458687711 0.5519347786903381 274
1740458687826 0.5519347786903381 275
1740458687943 0.5519347786903381 276
1740458688041 0.5519347786903381 277
1740458688167 0.5519347786903381 278
1740458688275 0.5519347786903381 279
1740458688394 0.5519347786903381 280
1740458688503 0.5519347786903381 281
1740458688609 0.5519347786903381 282
1740458688714 0.5519347786903381 283
1740458688812 0.5519347786903381 284
1740458688907 0.5519347786903381 285
1740458689028 0.5519347786903381 286
1740458689127 0.5519347786903381 287
1740458689224 0.5519347786903381 288
1740458689331 0.5519347786903381 289
1740458689430 0.5519347786903381 290
1740458689529 0.5519347786903381 291
1740458689628 0.5519347786903381 292
1740458689729 0.5519347786903381 293
1740458689829 0.5519347786903381 294
1740458689928 0.5519347786903381 295
1740458690043 0.5519347786903381 296
1740458690144 0.5519347786903381 297
1740458690243 0.5519347786903381 298
1740458690360 0.5519347786903381 299
1740458690460 0.5519347786903381 300
1740458690559 0.5519347786903381 301
1740458690666 0.5519347786903381 302
1740458690762 0.5519347786903381 303
1740458690861 0.5519347786903381 304
1740458690955 0.5519347786903381 305
1740458691061 0.5519347786903381 306
1740458691155 0.5519347786903381 307
1740458691262 0.5519347786903381 308
1740458691391 0.5519347786903381 309
1740458691493 0.5519347786903381 310
1740458691593 0.5519347786903381 311
1740458691697 0.5519347786903381 312
1740458691800 0.5519347786903381 313
1740458691896 0.5519347786903381 314
1740458692011 0.5519347786903381 315
1740458692109 0.5519347786903381 316
1740458692215 0.5519347786903381 317
1740458692310 0.5519347786903381 318
1740458692432 0.5519347786903381 319
1740458692527 0.5519347786903381 320
1740458692643 0.5519347786903381 321
1740458692743 0.5519347786903381 322
1740458692838 0.5519347786903381 323
1740458692939 0.5519347786903381 324
1740458693045 0.5519347786903381 325
1740458693140 0.5519347786903381 326
1740458693245 0.5519347786903381 327
1740458693348 0.5519347786903381 328
1740458693459 0.5519347786903381 329
1740458693558 0.5519347786903381 330
1740458693657 0.5519347786903381 331
1740458693757 0.5519347786903381 332
1740458693872 0.5519347786903381 333
1740458693973 0.5519347786903381 334
1740458694078 0.5519347786903381 335
1740458694177 0.5519347786903381 336
1740458694278 0.5519347786903381 337
1740458694377 0.5519347786903381 338
1740458694474 0.5519347786903381 339
1740458694577 0.5519347786903381 340
1740458694678 0.5519347786903381 341
1740458694772 0.5519347786903381 342
1740458694890 0.5519347786903381 343
1740458694995 0.5519347786903381 344
1740458695097 0.5519347786903381 345
1740458695213 0.5519347786903381 346
1740458695306 0.5519347786903381 347
1740458695426 0.5519347786903381 348
1740458695523 0.5519347786903381 349
1740458695645 0.5519347786903381 350
1740458695739 0.5519347786903381 351
1740458695850 0.5519347786903381 352
1740458695960 0.5519347786903381 353
1740458696069 0.5519347786903381 354
1740458696175 0.5519347786903381 355
1740458696274 0.5519347786903381 356
1740458696373 0.5519347786903381 357
1740458696478 0.5519347786903381 358
1740458696578 0.5519347786903381 359
1740458696671 0.5519347786903381 360
1740458696777 0.5519347786903381 361
1740458696871 0.5519347786903381 362
1740458696972 0.5519347786903381 363
1740458697078 0.5519347786903381 364
1740458697180 0.5519347786903381 365
1740458697293 0.5519347786903381 366
1740458697394 0.5519347786903381 367
1740458697488 0.5519347786903381 368
1740458697600 0.5519347786903381 369
1740458697694 0.5519347786903381 370
1740458697796 0.5519347786903381 371
1740458697897 0.5519347786903381 372
1740458698011 0.5519347786903381 373
1740458698131 0.5519347786903381 374
1740458698228 0.5519347786903381 375
1740458698342 0.5519347786903381 376
1740458698444 0.5519347786903381 377
1740458698540 0.5519347786903381 378
1740458698654 0.5519347786903381 379
1740458698759 0.5519347786903381 380
1740458698862 0.5519347786903381 381
1740458698963 0.5519347786903381 382
1740458699076 0.5519347786903381 383
1740458699178 0.5519347786903381 384
1740458699280 0.5519347786903381 385
1740458699381 0.5519347786903381 386
1740458699488 0.5519347786903381 387
1740458699592 0.5519347786903381 388
1740458699691 0.5519347786903381 389
1740458699794 0.5519347786903381 390
1740458699896 0.5519347786903381 391
1740458699989 0.5519347786903381 392
1740458700100 0.5519347786903381 393
1740458700212 0.5519347786903381 394
1740458700310 0.5519347786903381 395
1740458700405 0.5519347786903381 396
1740458700508 0.5519347786903381 397
1740458700606 0.5519347786903381 398
1740458700712 0.5519347786903381 399
1740458700812 0.5519347786903381 400
1740458700923 0.5519347786903381 401
1740458701023 0.5519347786903381 402
1740458701122 0.5519347786903381 403
1740458701234 0.5519347786903381 404
1740458701329 0.5519347786903381 405
1740458701439 0.5519347786903381 406
1740458701539 0.5519347786903381 407
1740458701639 0.5519347786903381 408
1740458701740 0.5519347786903381 409
1740458701839 0.5519347786903381 410
1740458701939 0.5519347786903381 411
1740458702046 0.5519347786903381 412
1740458702156 0.5519347786903381 413
1740458702256 0.5519347786903381 414
1740458702361 0.5519347786903381 415
1740458702461 0.5519347786903381 416
1740458702555 0.5519347786903381 417
1740458702661 0.5519347786903381 418
1740458702753 0.5519347786903381 419
1740458702871 0.5519347786903381 420
1740458702973 0.5519347786903381 421
1740458703073 0.5519347786903381 422
1740458703181 0.5519347786903381 423
1740458703290 0.5519347786903381 424
1740458703397 0.5519347786903381 425
1740458703496 0.5519347786903381 426
1740458703599 0.5519347786903381 427
1740458703711 0.5519347786903381 428
1740458703828 0.5519347786903381 429
1740458703924 0.5519347786903381 430
1740458704042 0.5519347786903381 431
1740458704157 0.5519347786903381 432
1740458704261 0.5519347786903381 433
1740458704362 0.5519347786903381 434
1740458704464 0.5519347786903381 435
1740458704560 0.5519347786903381 436
1740458704678 0.5519347786903381 437
1740458704780 0.5519347786903381 438
1740458704879 0.5519347786903381 439
1740458704977 0.5519347786903381 440
1740458705081 0.5519347786903381 441
1740458705189 0.5519347786903381 442
1740458705289 0.5519347786903381 443
1740458705379 0.5519347786903381 444
1740458705494 0.5519347786903381 445
1740458705595 0.5519347786903381 446
1740458705688 0.5519347786903381 447
1740458705793 0.5519347786903381 448
1740458705893 0.5519347786903381 449
1740458705989 0.5519347786903381 450
1740458706086 0.5519347786903381 451
1740458706187 0.5519347786903381 452
1740458706281 0.5519347786903381 453
1740458706391 0.5519347786903381 454
1740458706491 0.5519347786903381 455
1740458706589 0.5519347786903381 456
1740458706689 0.5519347786903381 457
1740458706789 0.5519347786903381 458
1740458706879 0.5519347786903381 459
1740458706992 0.5519347786903381 460
1740458707092 0.5519347786903381 461
1740458707197 0.5519347786903381 462
1740458707313 0.5519347786903381 463
1740458707414 0.5519347786903381 464
1740458707506 0.5519347786903381 465
1740458707628 0.5519347786903381 466
1740458707737 0.5519347786903381 467
1740458707839 0.5519347786903381 468
1740458707939 0.5519347786903381 469
1740458708058 0.5519347786903381 470
1740458708156 0.5519347786903381 471
1740458708256 0.5519347786903381 472
1740458708360 0.5519347786903381 473
1740458708461 0.5519347786903381 474
1740458708564 0.5519347786903381 475
1740458708665 0.5519347786903381 476
1740458708763 0.5519347786903381 477
1740458708859 0.5519347786903381 478
1740458708963 0.5519347786903381 479
1740458709063 0.5519347786903381 480
1740458709164 0.5519347786903381 481
1740458709265 0.5519347786903381 482
1740458709369 0.5519347786903381 483
1740458709474 0.5519347786903381 484
1740458709578 0.5519347786903381 485
1740458709672 0.5519347786903381 486
1740458709769 0.5519347786903381 487
1740458709872 0.5519347786903381 488
1740458709972 0.5519347786903381 489
1740458710062 0.5519347786903381 490
1740458710174 0.5519347786903381 491
1740458710261 0.5519347786903381 492
1740458710372 0.5519347786903381 493
1740458710478 0.5519347786903381 494
1740458710572 0.5519347786903381 495
1740458710690 0.5519347786903381 496
1740458710786 0.5519347786903381 497
1740458710887 0.5519347786903381 498
1740458710989 0.5519347786903381 499
1740458711088 0.5519347786903381 500
1740458711189 0.5519347786903381 501
1740458711289 0.5519347786903381 502
1740458711401 0.5519347786903381 503
1740458711505 0.5519347786903381 504
1740458711597 0.5519347786903381 505
1740458711688 0.5519347786903381 506
1740458711796 0.5519347786903381 507
1740458711898 0.5519347786903381 508
1740458712005 0.5519347786903381 509
1740458712158 0.5519347786903381 510
1740458712262 0.5519347786903381 511
1740458712372 0.5519347786903381 512
1740458712505 0.5519347786903381 513
1740458712604 0.5519347786903381 514
1740458712705 0.5519347786903381 515
1740458712809 0.5519347786903381 516
1740458712904 0.5519347786903381 517
1740458713013 0.5519347786903381 518
1740458713112 0.5519347786903381 519
1740458713214 0.5519347786903381 520
1740458713314 0.5519347786903381 521
1740458713417 0.5519347786903381 522
1740458713524 0.5519347786903381 523
1740458713641 0.5519347786903381 524
1740458713748 0.5519347786903381 525
1740458713887 0.5519347786903381 526
1740458713988 0.5519347786903381 527
1740458714105 0.5519347786903381 528
1740458714220 0.5519347786903381 529
1740458714322 0.5519347786903381 530
1740458714421 0.5519347786903381 531
1740458714540 0.5519347786903381 532
1740458714658 0.5519347786903381 533
1740458714758 0.5519347786903381 534
1740458714871 0.5519347786903381 535
1740458714974 0.5519347786903381 536
1740458715074 0.5519347786903381 537
1740458715192 0.5519347786903381 538
1740458715311 0.5519347786903381 539
1740458715411 0.5519347786903381 540
1740458715522 0.5519347786903381 541
1740458715661 0.5519347786903381 542
1740458715788 0.5519347786903381 543
1740458715914 0.5519347786903381 544
1740458716020 0.5519347786903381 545
1740458716144 0.5519347786903381 546
1740458716260 0.5519347786903381 547
1740458716358 0.5519347786903381 548
1740458716476 0.5519347786903381 549
1740458716572 0.5519347786903381 550
1740458716677 0.5519347786903381 551
1740458716772 0.5519347786903381 552
1740458716871 0.5519347786903381 553
1740458716973 0.5519347786903381 554
1740458717095 0.5519347786903381 555
1740458717189 0.5519347786903381 556
1740458717305 0.5519347786903381 557
1740458717407 0.5519347786903381 558
1740458717505 0.5519347786903381 559
1740458717611 0.5519347786903381 560
1740458717726 0.5519347786903381 561
1740458717822 0.5519347786903381 562
1740458717938 0.5519347786903381 563
1740458718037 0.5519347786903381 564
1740458718138 0.5519347786903381 565
1740458718245 0.5519347786903381 566
1740458718344 0.5519347786903381 567
1740458718443 0.5519347786903381 568
1740458718554 0.5519347786903381 569
1740458718655 0.5519347786903381 570
1740458718771 0.5519347786903381 571
1740458718890 0.5519347786903381 572
1740458718988 0.5519347786903381 573
1740458719111 0.5519347786903381 574
1740458719221 0.5519347786903381 575
1740458719341 0.5519347786903381 576
1740458719463 0.5519347786903381 577
1740458719574 0.5519347786903381 578
1740458719673 0.5519347786903381 579
1740458719771 0.5519347786903381 580
1740458719885 0.5519347786903381 581
1740458719991 0.5519347786903381 582
1740458720094 0.5519347786903381 583
1740458720221 0.5519347786903381 584
1740458720346 0.5519347786903381 585
1740458720441 0.5519347786903381 586
1740458720542 0.5519347786903381 587
1740458720637 0.5519347786903381 588
1740458720738 0.5519347786903381 589
1740458720854 0.5519347786903381 590
1740458720961 0.5519347786903381 591
1740458721061 0.5519347786903381 592
1740458721173 0.5519347786903381 593
1740458721275 0.5519347786903381 594
1740458721371 0.5519347786903381 595
1740458721488 0.5519347786903381 596
1740458721588 0.5519347786903381 597
1740458721688 0.5519347786903381 598
1740458721806 0.5519347786903381 599
1740458721910 0.5519347786903381 600
1740458722011 0.5519347786903381 601
1740458722110 0.5519347786903381 602
1740458722235 0.5519347786903381 603
1740458722338 0.5519347786903381 604
1740458722438 0.5519347786903381 605
1740458722558 0.5519347786903381 606
1740458722654 0.5519347786903381 607
1740458722754 0.5519347786903381 608
1740458722871 0.5519347786903381 609
1740458722971 0.5519347786903381 610
1740458723085 0.5519347786903381 611
1740458723188 0.5519347786903381 612
1740458723288 0.5519347786903381 613
1740458723406 0.5519347786903381 614
1740458723522 0.5519347786903381 615
1740458723636 0.5519347786903381 616
1740458723740 0.5519347786903381 617
1740458723854 0.5519347786903381 618
1740458723957 0.5519347786903381 619
1740458724058 0.5519347786903381 620
1740458724165 0.5519347786903381 621
1740458724287 0.5519347786903381 622
1740458724388 0.5519347786903381 623
1740458724497 0.5519347786903381 624
1740458724598 0.5519347786903381 625
1740458724718 0.5519347786903381 626
1740458724838 0.5519347786903381 627
1740458724977 0.5519347786903381 628
1740458725101 0.5519347786903381 629
1740458725208 0.5519347786903381 630
1740458725338 0.5519347786903381 631
1740458725455 0.5519347786903381 632
1740458725591 0.5519347786903381 633
1740458725701 0.5519347786903381 634
1740458725828 0.5519347786903381 635
1740458725937 0.5519347786903381 636
1740458726040 0.5519347786903381 637
1740458726155 0.5519347786903381 638
1740458726255 0.5519347786903381 639
1740458726357 0.5519347786903381 640
1740458726460 0.5519347786903381 641
1740458726560 0.5519347786903381 642
1740458726671 0.5519347786903381 643
1740458726795 0.5519347786903381 644
1740458726893 0.5519347786903381 645
1740458726994 0.5519347786903381 646
1740458727087 0.5519347786903381 647
1740458727206 0.5519347786903381 648
1740458727303 0.5519347786903381 649
1740458727415 0.5519347786903381 650
1740458727527 0.5519347786903381 651
1740458727640 0.5519347786903381 652
1740458727761 0.5519347786903381 653
1740458727887 0.5519347786903381 654
1740458727986 0.5519347786903381 655
1740458728110 0.5519347786903381 656
1740458728229 0.5519347786903381 657
1740458728345 0.5519347786903381 658
1740458728454 0.5519347786903381 659
1740458728571 0.5519347786903381 660
1740458728669 0.5519347786903381 661
1740458728787 0.5519347786903381 662
1740458728909 0.5519347786903381 663
1740458729041 0.5519347786903381 664
1740458729153 0.5519347786903381 665
1740458729254 0.5519347786903381 666
1740458729362 0.5519347786903381 667
1740458729475 0.5519347786903381 668
1740458729576 0.5519347786903381 669
1740458729699 0.5519347786903381 670
1740458729812 0.5519347786903381 671
1740458729909 0.5519347786903381 672
1740458730013 0.5519347786903381 673
1740458730120 0.5519347786903381 674
1740458730220 0.5519347786903381 675
1740458730338 0.5519347786903381 676
1740458730437 0.5519347786903381 677
1740458730552 0.5519347786903381 678
1740458730654 0.5519347786903381 679
1740458730776 0.5519347786903381 680
1740458730900 0.5519347786903381 681
1740458731037 0.5519347786903381 682
1740458731150 0.5519347786903381 683
1740458731254 0.5519347786903381 684
1740458731375 0.5519347786903381 685
1740458731476 0.5519347786903381 686
1740458731608 0.5519347786903381 687
1740458731741 0.5519347786903381 688
1740458731860 0.5519347786903381 689
1740458731961 0.5519347786903381 690
1740458732070 0.5519347786903381 691
1740458732174 0.5519347786903381 692
1740458732287 0.5519347786903381 693
1740458732403 0.5519347786903381 694
1740458732503 0.5519347786903381 695
1740458732603 0.5519347786903381 696
1740458732724 0.5519347786903381 697
1740458732855 0.5519347786903381 698
1740458732956 0.5519347786903381 699
1740458733087 0.5519347786903381 700
1740458733187 0.5519347786903381 701
1740458733302 0.5519347786903381 702
1740458733420 0.5519347786903381 703
1740458733536 0.5519347786903381 704
1740458733637 0.5519347786903381 705
1740458733757 0.5519347786903381 706
1740458733875 0.5519347786903381 707
1740458733974 0.5519347786903381 708
1740458734108 0.5519347786903381 709
1740458734243 0.5519347786903381 710
1740458734365 0.5519347786903381 711
1740458734483 0.5519347786903381 712
1740458734599 0.5519347786903381 713
1740458734730 0.5519347786903381 714
1740458734842 0.5519347786903381 715
1740458734942 0.5519347786903381 716
1740458735053 0.5519347786903381 717
1740458735158 0.5519347786903381 718
1740458735255 0.5519347786903381 719
1740458735370 0.5519347786903381 720
1740458735477 0.5519347786903381 721
1740458735587 0.5519347786903381 722
1740458735689 0.5519347786903381 723
1740458735806 0.5519347786903381 724
1740458735906 0.5519347786903381 725
1740458736031 0.5519347786903381 726
1740458736137 0.5519347786903381 727
1740458736253 0.5519347786903381 728
1740458736374 0.5519347786903381 729
1740458736477 0.5519347786903381 730
1740458736588 0.5519347786903381 731
1740458736692 0.5519347786903381 732
1740458736808 0.5519347786903381 733
1740458736903 0.5519347786903381 734
1740458737020 0.5519347786903381 735
1740458737120 0.5519347786903381 736
1740458737239 0.5519347786903381 737
1740458737356 0.5519347786903381 738
1740458737457 0.5519347786903381 739
1740458737574 0.5519347786903381 740
1740458737677 0.5519347786903381 741
1740458737778 0.5519347786903381 742
1740458737888 0.5519347786903381 743
1740458737989 0.5519347786903381 744
1740458738085 0.5519347786903381 745
1740458738214 0.5519347786903381 746
1740458738321 0.5519347786903381 747
1740458738425 0.5519347786903381 748
1740458738538 0.5519347786903381 749
1740458738641 0.5519347786903381 750
1740458738755 0.5519347786903381 751
1740458738886 0.5519347786903381 752
1740458739009 0.5519347786903381 753
1740458739119 0.5519347786903381 754
1740458739238 0.5519347786903381 755
1740458739358 0.5519347786903381 756
1740458739482 0.5519347786903381 757
1740458739603 0.5519347786903381 758
1740458739724 0.5519347786903381 759
1740458739837 0.5519347786903381 760
1740458739969 0.5519347786903381 761
1740458740120 0.5519347786903381 762
1740458740236 0.5519347786903381 763
1740458740336 0.5519347786903381 764
1740458740461 0.5519347786903381 765
1740458740560 0.5519347786903381 766
1740458740669 0.5519347786903381 767
1740458740786 0.5519347786903381 768
1740458740905 0.5519347786903381 769
1740458741008 0.5519347786903381 770
1740458741103 0.5519347786903381 771
1740458741237 0.5519347786903381 772
1740458741342 0.5519347786903381 773
1740458741435 0.5519347786903381 774
1740458741555 0.5519347786903381 775
1740458741655 0.5519347786903381 776
1740458741775 0.5519347786903381 777
1740458741889 0.5519347786903381 778
1740458742019 0.5519347786903381 779
1740458742151 0.5519347786903381 780
1740458742266 0.5519347786903381 781
1740458742390 0.5519347786903381 782
1740458742519 0.5519347786903381 783
1740458742659 0.5519347786903381 784
1740458742786 0.5519347786903381 785
1740458742901 0.5519347786903381 786
1740458743003 0.5519347786903381 787
1740458743119 0.5519347786903381 788
1740458743218 0.5519347786903381 789
1740458743338 0.5519347786903381 790
1740458743436 0.5519347786903381 791
1740458743555 0.5519347786903381 792
1740458743673 0.5519347786903381 793
1740458743786 0.5519347786903381 794
1740458743894 0.5519347786903381 795
1740458744015 0.5519347786903381 796
1740458744138 0.5519347786903381 797
1740458744239 0.5519347786903381 798
1740458744369 0.5519347786903381 799
