1740458660578 2.5261828899383545 0
1740458660679 2.5349278450012207 1
1740458660778 2.5311203002929688 2
1740458660860 2.5138978958129883 3
1740458660965 2.526923418045044 4
1740458661060 2.5191359519958496 5
1740458661154 2.502248525619507 6
1740458661243 2.5036697387695312 7
1740458661342 2.4938833713531494 8
1740458661426 2.4911553859710693 9
1740458661526 2.4793243408203125 10
1740458661614 2.476987361907959 11
1740458661715 2.479353427886963 12
1740458661808 2.475374937057495 13
1740458661901 2.4824161529541016 14
1740458661995 2.458935499191284 15
1740458662089 2.4505209922790527 16
1740458662182 2.458423614501953 17
1740458662260 2.4391303062438965 18
1740458662368 2.441272020339966 19
1740458662464 2.4268698692321777 20
1740458662558 2.4379568099975586 21
1740458662652 2.4131813049316406 22
1740458662761 2.4290497303009033 23
1740458662860 2.4056708812713623 24
1740458662960 2.405144691467285 25
1740458663077 2.3976528644561768 26
1740458663176 2.396054744720459 27
1740458663276 2.3944430351257324 28
1740458663376 2.3933091163635254 29
1740458663478 2.383439064025879 30
1740458663575 2.3821139335632324 31
1740458663676 2.3683807849884033 32
1740458663793 2.3644158840179443 33
1740458663893 2.367938995361328 34
1740458663993 2.3726367950439453 35
1740458664095 2.354896306991577 36
1740458664175 2.3515992164611816 37
1740458664276 2.3496806621551514 38
1740458664371 2.3282835483551025 39
1740458664464 2.3430047035217285 40
1740458664545 2.333238124847412 41
1740458664648 2.32757568359375 42
1740458664744 2.324275016784668 43
1740458664841 2.3117496967315674 44
1740458664938 2.3114278316497803 45
1740458665033 2.31278920173645 46
1740458665125 2.2912399768829346 47
1740458665209 2.2985501289367676 48
1740458665308 2.302718162536621 49
1740458665395 2.290398597717285 50
1740458665495 2.274301052093506 51
1740458665591 2.283282518386841 52
1740458665682 2.2790591716766357 53
1740458665774 2.27522349357605 54
1740458665859 2.2616004943847656 55
1740458665942 2.2680068016052246 56
1740458666048 2.2538695335388184 57
1740458666127 2.2642641067504883 58
1740458666230 2.254580497741699 59
1740458666313 2.2551770210266113 60
1740458666416 2.2390213012695312 61
1740458666513 2.2326982021331787 62
1740458666610 2.2375216484069824 63
1740458666710 2.23353910446167 64
1740458666811 2.23195481300354 65
1740458666906 2.217236280441284 66
1740458666998 2.2209856510162354 67
1740458667102 2.2109532356262207 68
1740458667191 2.2148337364196777 69
1740458667282 2.2003536224365234 70
1740458667381 2.209641218185425 71
1740458667512 2.196906089782715 72
1740458667628 2.192894697189331 73
1740458667747 2.190190076828003 74
1740458667865 2.1790566444396973 75
1740458667988 2.1739673614501953 76
1740458668079 2.1716809272766113 77
1740458668182 2.1670074462890625 78
1740458668274 2.167314052581787 79
1740458668375 2.172513723373413 80
1740458668469 2.1520044803619385 81
1740458668563 2.1594367027282715 82
1740458668659 2.146409511566162 83
1740458668755 2.1437325477600098 84
1740458668847 2.1455676555633545 85
1740458668925 2.1394155025482178 86
1740458669042 2.1274731159210205 87
1740458669141 2.127701997756958 88
1740458669242 2.1291794776916504 89
1740458669336 2.122063398361206 90
1740458669430 2.1212105751037598 91
1740458669522 2.1036179065704346 92
1740458669618 2.116103410720825 93
1740458669709 2.1091513633728027 94
1740458669811 2.0956838130950928 95
1740458669914 2.1046321392059326 96
1740458670017 2.0903265476226807 97
1740458670111 2.0949158668518066 98
1740458670209 2.079097032546997 99
1740458670310 2.0801095962524414 100
1740458670408 2.079387903213501 101
1740458670511 2.0849621295928955 102
1740458670596 2.0823748111724854 103
1740458670692 2.068366527557373 104
1740458670792 2.0606210231781006 105
1740458670887 2.0505318641662598 106
1740458670981 2.0545246601104736 107
1740458671080 2.0517263412475586 108
1740458671180 2.0310583114624023 109
1740458671292 2.04423189163208 110
1740458671407 2.037099838256836 111
1740458671512 2.041231870651245 112
1740458671626 2.032066583633423 113
1740458671729 2.025099754333496 114
1740458671840 2.0222556591033936 115
1740458671942 2.0209920406341553 116
1740458672064 2.0211098194122314 117
1740458672155 2.015003204345703 118
1740458672250 2.0177624225616455 119
1740458672359 2.0016777515411377 120
1740458672463 2.0065786838531494 121
1740458672557 1.990520715713501 122
1740458672657 1.9953789710998535 123
1740458672762 1.9982566833496094 124
1740458672862 1.989235281944275 125
1740458672961 1.9724966287612915 126
1740458673076 1.9843913316726685 127
1740458673158 1.975018858909607 128
1740458673258 1.9702682495117188 129
1740458673365 1.9610307216644287 130
1740458673472 1.9714882373809814 131
1740458673566 1.9681775569915771 132
1740458673662 1.9560928344726562 133
1740458673746 1.95411217212677 134
1740458673859 1.9624837636947632 135
1740458673960 1.9449684619903564 136
1740458674067 1.948806643486023 137
1740458674159 1.9353344440460205 138
1740458674251 1.9463659524917603 139
1740458674348 1.932541012763977 140
1740458674442 1.9174507856369019 141
1740458674541 1.9264776706695557 142
1740458674644 1.923998236656189 143
1740458674742 1.9280035495758057 144
1740458674842 1.9272269010543823 145
1740458674939 1.90892493724823 146
1740458675036 1.9123824834823608 147
1740458675135 1.8923258781433105 148
1740458675249 1.8967983722686768 149
1740458675356 1.8989982604980469 150
1740458675459 1.8990271091461182 151
1740458675578 1.8949089050292969 152
1740458675669 1.8846375942230225 153
1740458675758 1.8886098861694336 154
1740458675875 1.8725414276123047 155
1740458675974 1.879150390625 156
1740458676074 1.8715040683746338 157
1740458676190 1.876742959022522 158
1740458676283 1.8543620109558105 159
1740458676373 1.8624513149261475 160
1740458676471 1.8605238199234009 161
1740458676566 1.8502662181854248 162
1740458676660 1.8544461727142334 163
1740458676761 1.8612951040267944 164
1740458676854 1.8465697765350342 165
1740458676940 1.8466979265213013 166
1740458677042 1.8397201299667358 167
1740458677145 1.8375388383865356 168
1740458677240 1.8309520483016968 169
1740458677325 1.8358705043792725 170
1740458677430 1.8318952322006226 171
1740458677528 1.8276724815368652 172
1740458677623 1.8103342056274414 173
1740458677714 1.8248461484909058 174
1740458677813 1.8147523403167725 175
1740458677913 1.803259253501892 176
1740458678025 1.8095629215240479 177
1740458678121 1.805357575416565 178
1740458678213 1.8024563789367676 179
1740458678311 1.7999759912490845 180
1740458678394 1.7912029027938843 181
1740458678506 1.7860774993896484 182
1740458678596 1.7893826961517334 183
1740458678698 1.7953094244003296 184
1740458678798 1.793570637702942 185
1740458678902 1.770251989364624 186
1740458678991 1.7722535133361816 187
1740458679097 1.770713448524475 188
1740458679201 1.765055537223816 189
1740458679308 1.7638700008392334 190
1740458679426 1.7601102590560913 191
1740458679530 1.7681607007980347 192
1740458679635 1.7688343524932861 193
1740458679751 1.7508876323699951 194
1740458679846 1.7558441162109375 195
1740458679951 1.7502307891845703 196
1740458680054 1.7452586889266968 197
1740458680147 1.7419800758361816 198
1740458680253 1.7354302406311035 199
1740458680340 1.734456181526184 200
1740458680455 1.7283964157104492 201
1740458680549 1.7387657165527344 202
1740458680645 1.7412655353546143 203
1740458680741 1.7364743947982788 204
1740458680840 1.7267810106277466 205
1740458680937 1.7104390859603882 206
1740458681024 1.7131577730178833 207
1740458681124 1.7111388444900513 208
1740458681223 1.7032662630081177 209
1740458681320 1.7143722772598267 210
1740458681413 1.7045652866363525 211
1740458681514 1.692625880241394 212
1740458681610 1.6937692165374756 213
1740458681690 1.7017377614974976 214
1740458681790 1.685864806175232 215
1740458681890 1.7003546953201294 216
1740458681974 1.6862645149230957 217
1740458682083 1.6785023212432861 218
1740458682176 1.682394027709961 219
1740458682271 1.6787205934524536 220
1740458682365 1.6767067909240723 221
1740458682464 1.6766631603240967 222
1740458682556 1.6682149171829224 223
1740458682656 1.671946406364441 224
1740458682746 1.6651428937911987 225
1740458682862 1.666915774345398 226
1740458682961 1.6559741497039795 227
1740458683078 1.6493090391159058 228
1740458683178 1.6518616676330566 229
1740458683282 1.6526978015899658 230
1740458683393 1.6587474346160889 231
1740458683496 1.6442776918411255 232
1740458683611 1.6509981155395508 233
1740458683714 1.6344753503799438 234
1740458683831 1.6276516914367676 235
1740458683931 1.6247214078903198 236
1740458684041 1.6274902820587158 237
1740458684142 1.6222652196884155 238
1740458684241 1.619081735610962 239
1740458684341 1.6326624155044556 240
1740458684449 1.605579137802124 241
1740458684541 1.6175116300582886 242
1740458684634 1.6085736751556396 243
1740458684723 1.618645191192627 244
1740458684828 1.6093018054962158 245
1740458684923 1.6093376874923706 246
1740458685024 1.6055796146392822 247
1740458685125 1.6089526414871216 248
1740458685224 1.6036938428878784 249
1740458685321 1.5970677137374878 250
1740458685424 1.5940841436386108 251
1740458685520 1.5918277502059937 252
1740458685613 1.5745735168457031 253
1740458685721 1.5818073749542236 254
1740458685824 1.5821470022201538 255
1740458685923 1.582825779914856 256
1740458686017 1.5692131519317627 257
1740458686106 1.5687053203582764 258
1740458686208 1.5755865573883057 259
1740458686312 1.5653988122940063 260
1740458686406 1.5732507705688477 261
1740458686507 1.5709455013275146 262
1740458686606 1.5616954565048218 263
1740458686702 1.5557698011398315 264
1740458686790 1.5587629079818726 265
1740458686890 1.5586612224578857 266
1740458686993 1.5397851467132568 267
1740458687088 1.5471640825271606 268
1740458687174 1.5342519283294678 269
1740458687292 1.5436716079711914 270
1740458687396 1.5362021923065186 271
1740458687510 1.528159260749817 272
1740458687611 1.522666335105896 273
1740458687711 1.5336207151412964 274
1740458687826 1.530166506767273 275
1740458687943 1.540010690689087 276
1740458688041 1.5305553674697876 277
1740458688167 1.5203096866607666 278
1740458688275 1.5191940069198608 279
1740458688394 1.5097222328186035 280
1740458688503 1.517568826675415 281
1740458688609 1.517012596130371 282
1740458688714 1.5190917253494263 283
1740458688812 1.5030169486999512 284
1740458688907 1.4998836517333984 285
1740458689028 1.5061744451522827 286
1740458689127 1.4899418354034424 287
1740458689224 1.4924453496932983 288
1740458689331 1.488972783088684 289
1740458689430 1.4907915592193604 290
1740458689529 1.4991542100906372 291
1740458689628 1.4814211130142212 292
1740458689729 1.4860426187515259 293
1740458689829 1.4826569557189941 294
1740458689928 1.4700100421905518 295
1740458690043 1.4816153049468994 296
1740458690144 1.4810497760772705 297
1740458690243 1.4831793308258057 298
1740458690360 1.4826613664627075 299
1740458690460 1.4662867784500122 300
1740458690559 1.481062412261963 301
1740458690666 1.4535554647445679 302
1740458690762 1.4684017896652222 303
1740458690861 1.4514293670654297 304
1740458690955 1.4598397016525269 305
1740458691061 1.4603685140609741 306
1740458691155 1.4578291177749634 307
1740458691262 1.4549018144607544 308
1740458691391 1.4446525573730469 309
1740458691493 1.4491584300994873 310
1740458691593 1.4434881210327148 311
1740458691697 1.440630555152893 312
1740458691800 1.4475853443145752 313
1740458691896 1.440230131149292 314
1740458692011 1.4259835481643677 315
1740458692109 1.4291592836380005 316
1740458692215 1.4200661182403564 317
1740458692310 1.4228863716125488 318
1740458692432 1.4205931425094604 319
1740458692527 1.4238570928573608 320
1740458692643 1.4175821542739868 321
1740458692743 1.4268152713775635 322
1740458692838 1.411628246307373 323
1740458692939 1.4181768894195557 324
1740458693045 1.4031692743301392 325
1740458693140 1.404297947883606 326
1740458693245 1.411652684211731 327
1740458693348 1.4086037874221802 328
1740458693459 1.404405117034912 329
1740458693558 1.4069753885269165 330
1740458693657 1.3889778852462769 331
1740458693757 1.4032115936279297 332
1740458693872 1.3933764696121216 333
1740458693973 1.3850767612457275 334
1740458694078 1.394911527633667 335
1740458694177 1.3839707374572754 336
1740458694278 1.3794317245483398 337
1740458694377 1.383618950843811 338
1740458694474 1.3831971883773804 339
1740458694577 1.3770480155944824 340
1740458694678 1.381543755531311 341
1740458694772 1.3769110441207886 342
1740458694890 1.3690119981765747 343
1740458694995 1.3748236894607544 344
1740458695097 1.3627192974090576 345
1740458695213 1.376262903213501 346
1740458695306 1.3558313846588135 347
1740458695426 1.3635588884353638 348
1740458695523 1.3532317876815796 349
1740458695645 1.360299825668335 350
1740458695739 1.3572548627853394 351
1740458695850 1.3498362302780151 352
1740458695960 1.343587875366211 353
1740458696069 1.3489320278167725 354
1740458696175 1.3469902276992798 355
1740458696274 1.3499811887741089 356
1740458696373 1.346543312072754 357
1740458696478 1.3367050886154175 358
1740458696578 1.32733952999115 359
1740458696671 1.3288873434066772 360
1740458696777 1.3437237739562988 361
1740458696871 1.3288413286209106 362
1740458696972 1.3260776996612549 363
1740458697078 1.3363512754440308 364
1740458697180 1.3228654861450195 365
1740458697293 1.3247337341308594 366
1740458697394 1.327141284942627 367
1740458697488 1.31291925907135 368
1740458697600 1.320878028869629 369
1740458697694 1.3169090747833252 370
1740458697796 1.3001222610473633 371
1740458697897 1.3148829936981201 372
1740458698011 1.311628818511963 373
1740458698131 1.3082008361816406 374
1740458698228 1.3057544231414795 375
1740458698342 1.305803656578064 376
1740458698444 1.2975001335144043 377
1740458698540 1.3060126304626465 378
1740458698654 1.299957275390625 379
1740458698759 1.3053103685379028 380
1740458698862 1.2968308925628662 381
1740458698963 1.290179967880249 382
1740458699076 1.2903269529342651 383
1740458699178 1.2911865711212158 384
1740458699280 1.2930876016616821 385
1740458699381 1.2820733785629272 386
1740458699488 1.2793620824813843 387
1740458699592 1.2819627523422241 388
1740458699691 1.2845313549041748 389
1740458699794 1.2793724536895752 390
1740458699896 1.2632263898849487 391
1740458699989 1.2690277099609375 392
1740458700100 1.2644298076629639 393
1740458700212 1.2700064182281494 394
1740458700310 1.2634437084197998 395
1740458700405 1.2652043104171753 396
1740458700508 1.2490986585617065 397
1740458700606 1.2574890851974487 398
1740458700712 1.26521897315979 399
1740458700812 1.254066824913025 400
1740458700923 1.259084701538086 401
1740458701023 1.257980465888977 402
1740458701122 1.2497791051864624 403
1740458701234 1.2582728862762451 404
1740458701329 1.244161605834961 405
1740458701439 1.2533372640609741 406
1740458701539 1.2603745460510254 407
1740458701639 1.2396628856658936 408
1740458701740 1.249254584312439 409
1740458701839 1.2540396451950073 410
1740458701939 1.2337892055511475 411
1740458702046 1.2238540649414062 412
1740458702156 1.2217563390731812 413
1740458702256 1.239759087562561 414
1740458702361 1.2231694459915161 415
1740458702461 1.2195478677749634 416
1740458702555 1.2253001928329468 417
1740458702661 1.2252074480056763 418
1740458702753 1.231033205986023 419
1740458702871 1.2263771295547485 420
1740458702973 1.218679428100586 421
1740458703073 1.2184211015701294 422
1740458703181 1.207947015762329 423
1740458703290 1.2147186994552612 424
1740458703397 1.2116422653198242 425
1740458703496 1.208019495010376 426
1740458703599 1.2095866203308105 427
1740458703711 1.2035937309265137 428
1740458703828 1.2006622552871704 429
1740458703924 1.2079110145568848 430
1740458704042 1.201557993888855 431
1740458704157 1.200294017791748 432
1740458704261 1.2077614068984985 433
1740458704362 1.1920603513717651 434
1740458704464 1.2068105936050415 435
1740458704560 1.2034144401550293 436
1740458704678 1.1969197988510132 437
1740458704780 1.192952275276184 438
1740458704879 1.1916728019714355 439
1740458704977 1.1931265592575073 440
1740458705081 1.1730506420135498 441
1740458705189 1.176889181137085 442
1740458705289 1.1880449056625366 443
1740458705379 1.1810598373413086 444
1740458705494 1.1731371879577637 445
1740458705595 1.1923282146453857 446
1740458705688 1.1670483350753784 447
1740458705793 1.1748415231704712 448
1740458705893 1.1740792989730835 449
1740458705989 1.1688804626464844 450
1740458706086 1.1795209646224976 451
1740458706187 1.1756458282470703 452
1740458706281 1.1646331548690796 453
1740458706391 1.1726130247116089 454
1740458706491 1.1600629091262817 455
1740458706589 1.1558806896209717 456
1740458706689 1.1538541316986084 457
1740458706789 1.1546403169631958 458
1740458706879 1.1617249250411987 459
1740458706992 1.149649739265442 460
1740458707092 1.1561357975006104 461
1740458707197 1.1493782997131348 462
1740458707313 1.1516449451446533 463
1740458707414 1.1439239978790283 464
1740458707506 1.1496162414550781 465
1740458707628 1.134416937828064 466
1740458707737 1.1522598266601562 467
1740458707839 1.14411461353302 468
1740458707939 1.1342136859893799 469
1740458708058 1.1395771503448486 470
1740458708156 1.1383408308029175 471
1740458708256 1.1342586278915405 472
1740458708360 1.1349148750305176 473
1740458708461 1.144363284111023 474
1740458708564 1.1353349685668945 475
1740458708665 1.1314244270324707 476
1740458708763 1.128666639328003 477
1740458708859 1.1209660768508911 478
1740458708963 1.1192147731781006 479
1740458709063 1.1215640306472778 480
1740458709164 1.120144009590149 481
1740458709265 1.1215845346450806 482
1740458709369 1.1132127046585083 483
1740458709474 1.1090703010559082 484
1740458709578 1.1128833293914795 485
1740458709672 1.111379861831665 486
1740458709769 1.111803412437439 487
1740458709872 1.115224003791809 488
1740458709972 1.1174662113189697 489
1740458710062 1.1105527877807617 490
1740458710174 1.0986682176589966 491
1740458710261 1.1069960594177246 492
1740458710372 1.1025508642196655 493
1740458710478 1.0957152843475342 494
1740458710572 1.104089617729187 495
1740458710690 1.1061146259307861 496
1740458710786 1.0921454429626465 497
1740458710887 1.0914385318756104 498
1740458710989 1.087009310722351 499
1740458711088 1.0877370834350586 500
1740458711189 1.0897157192230225 501
1740458711289 1.0906404256820679 502
1740458711401 1.0921947956085205 503
1740458711505 1.09281587600708 504
1740458711597 1.0910067558288574 505
1740458711688 1.0945712327957153 506
1740458711796 1.0793728828430176 507
1740458711898 1.0759508609771729 508
1740458712005 1.0766583681106567 509
1740458712158 1.0786857604980469 510
1740458712262 1.0717016458511353 511
1740458712372 1.0696741342544556 512
1740458712505 1.0717391967773438 513
1740458712604 1.0678809881210327 514
1740458712705 1.0773334503173828 515
1740458712809 1.06963312625885 516
1740458712904 1.07144296169281 517
1740458713013 1.0645148754119873 518
1740458713112 1.0690795183181763 519
1740458713214 1.0583401918411255 520
1740458713314 1.0584055185317993 521
1740458713417 1.070892333984375 522
1740458713524 1.0610545873641968 523
1740458713641 1.0446757078170776 524
1740458713748 1.0537919998168945 525
1740458713887 1.0569853782653809 526
1740458713988 1.051550269126892 527
1740458714105 1.0559343099594116 528
1740458714220 1.0496811866760254 529
1740458714322 1.044355869293213 530
1740458714421 1.0543737411499023 531
1740458714540 1.0545377731323242 532
1740458714658 1.0536795854568481 533
1740458714758 1.0433080196380615 534
1740458714871 1.0361071825027466 535
1740458714974 1.0482090711593628 536
1740458715074 1.0424821376800537 537
1740458715192 1.0267564058303833 538
1740458715311 1.032564640045166 539
1740458715411 1.047640323638916 540
1740458715522 1.0376086235046387 541
1740458715661 1.0370675325393677 542
1740458715788 1.0250089168548584 543
1740458715914 1.0232106447219849 544
1740458716020 1.0271704196929932 545
1740458716144 1.0313317775726318 546
1740458716260 1.024427056312561 547
1740458716358 1.0237675905227661 548
1740458716476 1.0251200199127197 549
1740458716572 1.02232825756073 550
1740458716677 1.0203495025634766 551
1740458716772 1.0106545686721802 552
1740458716871 1.0154950618743896 553
1740458716973 1.0165075063705444 554
1740458717095 1.0254045724868774 555
1740458717189 1.0150630474090576 556
1740458717305 1.0168282985687256 557
1740458717407 1.019001841545105 558
1740458717505 1.0050442218780518 559
1740458717611 1.0047446489334106 560
1740458717726 1.0059877634048462 561
1740458717822 1.003666639328003 562
1740458717938 1.011529564857483 563
1740458718037 1.0059095621109009 564
1740458718138 1.000853180885315 565
1740458718245 1.000161051750183 566
1740458718344 0.9887652397155762 567
1740458718443 1.0092380046844482 568
1740458718554 1.0031386613845825 569
1740458718655 1.0107265710830688 570
1740458718771 0.997421145439148 571
1740458718890 0.9945060014724731 572
1740458718988 1.0058491230010986 573
1740458719111 1.0096986293792725 574
1740458719221 0.9936184287071228 575
1740458719341 0.9966610670089722 576
1740458719463 0.9847541451454163 577
1740458719574 0.983760416507721 578
1740458719673 0.9847425818443298 579
1740458719771 0.9754534959793091 580
1740458719885 0.9782350063323975 581
1740458719991 0.9862386584281921 582
1740458720094 0.9906299710273743 583
1740458720221 0.9710150957107544 584
1740458720346 0.9706738591194153 585
1740458720441 0.9761339426040649 586
1740458720542 0.981915295124054 587
1740458720637 0.9686188101768494 588
1740458720738 0.9663296341896057 589
1740458720854 0.9741842746734619 590
1740458720961 0.9740439057350159 591
1740458721061 0.9730889797210693 592
1740458721173 0.9620328545570374 593
1740458721275 0.9598142504692078 594
1740458721371 0.9571229219436646 595
1740458721488 0.9608076214790344 596
1740458721588 0.9657413363456726 597
1740458721688 0.949914276599884 598
1740458721806 0.9609530568122864 599
1740458721910 0.9566994905471802 600
1740458722011 0.9641304016113281 601
1740458722110 0.9680665731430054 602
1740458722235 0.9625455141067505 603
1740458722338 0.959469199180603 604
1740458722438 0.9494611620903015 605
1740458722558 0.9581018686294556 606
1740458722654 0.9527812600135803 607
1740458722754 0.9567526578903198 608
1740458722871 0.9558233618736267 609
1740458722971 0.9479662179946899 610
1740458723085 0.9498156905174255 611
1740458723188 0.9415314197540283 612
1740458723288 0.941274106502533 613
1740458723406 0.9347385764122009 614
1740458723522 0.9471158981323242 615
1740458723636 0.9367551207542419 616
1740458723740 0.9344649910926819 617
1740458723854 0.944023609161377 618
1740458723957 0.9457175731658936 619
1740458724058 0.9404664039611816 620
1740458724165 0.9402726888656616 621
1740458724287 0.9229457378387451 622
1740458724388 0.9313545227050781 623
1740458724497 0.9386468529701233 624
1740458724598 0.9301683902740479 625
1740458724718 0.9441487789154053 626
1740458724838 0.9398004412651062 627
1740458724977 0.9169649481773376 628
1740458725101 0.9190253019332886 629
1740458725208 0.9327850937843323 630
1740458725338 0.9256090521812439 631
1740458725455 0.9140301942825317 632
1740458725591 0.922276496887207 633
1740458725701 0.928832471370697 634
1740458725828 0.9075734615325928 635
1740458725937 0.9235222339630127 636
1740458726040 0.9172995686531067 637
1740458726155 0.9141395688056946 638
1740458726255 0.9152455925941467 639
1740458726357 0.9155726432800293 640
1740458726460 0.9223726987838745 641
1740458726560 0.9050936102867126 642
1740458726671 0.9131350517272949 643
1740458726795 0.9128901362419128 644
1740458726893 0.9130780100822449 645
1740458726994 0.9120448231697083 646
1740458727087 0.9070217609405518 647
1740458727206 0.9052653908729553 648
1740458727303 0.914263904094696 649
1740458727415 0.9023248553276062 650
1740458727527 0.9089428186416626 651
1740458727640 0.8985227346420288 652
1740458727761 0.901728093624115 653
1740458727887 0.9157009124755859 654
1740458727986 0.9090900421142578 655
1740458728110 0.8984797596931458 656
1740458728229 0.895508348941803 657
1740458728345 0.9012789130210876 658
1740458728454 0.8934881687164307 659
1740458728571 0.8970843553543091 660
1740458728669 0.8961498141288757 661
1740458728787 0.8923888206481934 662
1740458728909 0.8972967863082886 663
1740458729041 0.8909906148910522 664
1740458729153 0.8941102027893066 665
1740458729254 0.8775057196617126 666
1740458729362 0.8770892024040222 667
1740458729475 0.8868767619132996 668
1740458729576 0.8849575519561768 669
1740458729699 0.8805039525032043 670
1740458729812 0.8934318423271179 671
1740458729909 0.8838403224945068 672
1740458730013 0.8814141750335693 673
1740458730120 0.8905359506607056 674
1740458730220 0.8840474486351013 675
1740458730338 0.8870574235916138 676
1740458730437 0.8813521862030029 677
1740458730552 0.8730181455612183 678
1740458730654 0.8658919334411621 679
1740458730776 0.8808906078338623 680
1740458730900 0.8719196319580078 681
1740458731037 0.8772011995315552 682
1740458731150 0.8770018815994263 683
1740458731254 0.8751710653305054 684
1740458731375 0.870662271976471 685
1740458731476 0.8644434809684753 686
1740458731608 0.8658874034881592 687
1740458731741 0.8681648373603821 688
1740458731860 0.8700277209281921 689
1740458731961 0.8646443486213684 690
1740458732070 0.8537448048591614 691
1740458732174 0.8710428476333618 692
1740458732287 0.861423134803772 693
1740458732403 0.871157169342041 694
1740458732503 0.8627174496650696 695
1740458732603 0.861293613910675 696
1740458732724 0.8506496548652649 697
1740458732855 0.8590145111083984 698
1740458732956 0.8611406683921814 699
1740458733087 0.8665688037872314 700
1740458733187 0.8585333228111267 701
1740458733302 0.854588508605957 702
1740458733420 0.8666847944259644 703
1740458733536 0.8588777184486389 704
1740458733637 0.8468952178955078 705
1740458733757 0.8659541606903076 706
1740458733875 0.8521088361740112 707
1740458733974 0.8534465432167053 708
1740458734108 0.8487123250961304 709
1740458734243 0.8509126305580139 710
1740458734365 0.8463304042816162 711
1740458734483 0.8489325046539307 712
1740458734599 0.8390920758247375 713
1740458734730 0.8421275615692139 714
1740458734842 0.8473173379898071 715
1740458734942 0.8547020554542542 716
1740458735053 0.8426170349121094 717
1740458735158 0.8419759273529053 718
1740458735255 0.84537273645401 719
1740458735370 0.8437169790267944 720
1740458735477 0.8390243649482727 721
1740458735587 0.8430078029632568 722
1740458735689 0.8329780101776123 723
1740458735806 0.8352878093719482 724
1740458735906 0.8300944566726685 725
1740458736031 0.8378719091415405 726
1740458736137 0.8339219093322754 727
1740458736253 0.833940327167511 728
1740458736374 0.8358901143074036 729
1740458736477 0.825694739818573 730
1740458736588 0.8322461247444153 731
1740458736692 0.8293532729148865 732
1740458736808 0.8217824697494507 733
1740458736903 0.8337211012840271 734
1740458737020 0.8430880308151245 735
1740458737120 0.8234900236129761 736
1740458737239 0.8241004347801208 737
1740458737356 0.8173161745071411 738
1740458737457 0.8246769905090332 739
1740458737574 0.8172318935394287 740
1740458737677 0.8185505270957947 741
1740458737778 0.8239865303039551 742
1740458737888 0.8200852870941162 743
1740458737989 0.8213709592819214 744
1740458738085 0.8024281859397888 745
1740458738214 0.8135169148445129 746
1740458738321 0.8214514851570129 747
1740458738425 0.8194886445999146 748
1740458738538 0.8093759417533875 749
1740458738641 0.8195005655288696 750
1740458738755 0.8205307722091675 751
1740458738886 0.8179011344909668 752
1740458739009 0.8180065751075745 753
1740458739119 0.8048335313796997 754
1740458739238 0.8219934105873108 755
1740458739358 0.8075586557388306 756
1740458739482 0.8100464940071106 757
1740458739603 0.7972500324249268 758
1740458739724 0.8078905940055847 759
1740458739837 0.805151641368866 760
1740458739969 0.8055106401443481 761
1740458740120 0.8135323524475098 762
1740458740236 0.8008756041526794 763
1740458740336 0.8026649355888367 764
1740458740461 0.7964332699775696 765
1740458740560 0.8039959669113159 766
1740458740669 0.8006874918937683 767
1740458740786 0.7908936142921448 768
1740458740905 0.7974863052368164 769
1740458741008 0.796749472618103 770
1740458741103 0.8123758435249329 771
1740458741237 0.799929678440094 772
1740458741342 0.7977294325828552 773
1740458741435 0.7917466759681702 774
1740458741555 0.7994300723075867 775
1740458741655 0.7975271344184875 776
1740458741775 0.7862163186073303 777
1740458741889 0.7970272898674011 778
1740458742019 0.8012361526489258 779
1740458742151 0.7903788089752197 780
1740458742266 0.7871705889701843 781
1740458742390 0.7846192717552185 782
1740458742519 0.7838261723518372 783
1740458742659 0.7906090617179871 784
1740458742786 0.7825493216514587 785
1740458742901 0.7886816263198853 786
1740458743003 0.7877389788627625 787
1740458743119 0.7811257243156433 788
1740458743218 0.7755222916603088 789
1740458743338 0.7815439105033875 790
1740458743436 0.7879860401153564 791
1740458743555 0.7895157337188721 792
1740458743673 0.7845189571380615 793
1740458743786 0.7824991345405579 794
1740458743894 0.7831807136535645 795
1740458744015 0.7709504961967468 796
1740458744138 0.7780702710151672 797
1740458744239 0.7750990390777588 798
1740458744369 0.7759550213813782 799
