1740457085806 0.604781985282898 0
1740457085942 0.6427567005157471 1
1740457086058 0.6399437189102173 2
1740457086157 0.6343178749084473 3
1740457086273 0.6483825445175171 4
1740457086390 0.6624472737312317 5
1740457086505 0.6751055121421814 6
1740457086600 0.7102672457695007 7
1740457086711 0.7665260434150696 8
1740457086816 0.7848101258277893 9
1740457086911 0.8101266026496887 10
1740457087020 0.7918424606323242 11
1740457087123 0.8087201118469238 12
1740457087221 0.8171589374542236 13
1740457087323 0.8073136210441589 14
1740457087437 0.8326300978660583 15
1740457087540 0.8213783502578735 16
1740457087634 0.8143460154533386 17
1740457087738 0.8199718594551086 18
1740457087835 0.8270041942596436 19
1740457087939 0.8382560014724731 20
1740457088039 0.8354430198669434 21
1740457088139 0.8270041942596436 22
1740457088240 0.8213783502578735 23
1740457088340 0.8270041942596436 24
1740457088439 0.8396624326705933 25
1740457088540 0.8312236070632935 26
1740457088639 0.8312236070632935 27
1740457088740 0.8312236070632935 28
1740457088840 0.8368495106697083 29
1740457088956 0.8298171758651733 30
1740457089056 0.8270041942596436 31
1740457089161 0.8284106850624084 32
1740457089259 0.8312236070632935 33
1740457089370 0.8396624326705933 34
1740457089472 0.8410689234733582 35
1740457089593 0.8255977630615234 36
1740457089719 0.8270041942596436 37
1740457089821 0.8466947674751282 38
1740457089919 0.8227847814559937 39
1740457090003 0.8382560014724731 40
1740457090128 0.8368495106697083 41
1740457090242 0.8438818454742432 42
1740457090349 0.8410689234733582 43
1740457090453 0.8326300978660583 44
1740457090569 0.8368495106697083 45
1740457090673 0.8481012582778931 46
1740457090778 0.8396624326705933 47
1740457090889 0.842475414276123 48
1740457091004 0.8354430198669434 49
1740457091109 0.8284106850624084 50
1740457091225 0.8382560014724731 51
1740457091326 0.8368495106697083 52
1740457091439 0.8312236070632935 53
1740457091547 0.8396624326705933 54
1740457091659 0.8396624326705933 55
1740457091759 0.8382560014724731 56
1740457091874 0.8466947674751282 57
1740457091979 0.8312236070632935 58
1740457092076 0.8452883362770081 59
1740457092189 0.8466947674751282 60
1740457092301 0.8481012582778931 61
1740457092401 0.8452883362770081 62
1740457092505 0.8326300978660583 63
1740457092607 0.8396624326705933 64
1740457092709 0.8227847814559937 65
1740457092810 0.8410689234733582 66
1740457092910 0.8326300978660583 67
1740457093009 0.8410689234733582 68
1740457093139 0.849507749080658 69
1740457093259 0.8410689234733582 70
1740457093355 0.842475414276123 71
1740457093474 0.8382560014724731 72
1740457093583 0.842475414276123 73
1740457093688 0.849507749080658 74
1740457093796 0.8340365886688232 75
1740457093906 0.8509141802787781 76
1740457094009 0.8410689234733582 77
1740457094110 0.8382560014724731 78
1740457094213 0.8298171758651733 79
1740457094312 0.8340365886688232 80
1740457094413 0.842475414276123 81
1740457094520 0.842475414276123 82
1740457094620 0.8481012582778931 83
1740457094721 0.8466947674751282 84
1740457094824 0.8396624326705933 85
1740457094934 0.8438818454742432 86
1740457095042 0.8368495106697083 87
1740457095155 0.849507749080658 88
1740457095259 0.8298171758651733 89
1740457095392 0.8438818454742432 90
1740457095493 0.8410689234733582 91
1740457095605 0.8452883362770081 92
1740457095729 0.8340365886688232 93
1740457095842 0.842475414276123 94
1740457095950 0.8382560014724731 95
1740457096051 0.8452883362770081 96
1740457096144 0.8509141802787781 97
1740457096250 0.8382560014724731 98
1740457096343 0.8382560014724731 99
1740457096443 0.8396624326705933 100
1740457096552 0.8213783502578735 101
1740457096655 0.8284106850624084 102
1740457096773 0.8410689234733582 103
1740457096872 0.8410689234733582 104
1740457096989 0.842475414276123 105
1740457097091 0.8452883362770081 106
1740457097188 0.8438818454742432 107
1740457097292 0.8368495106697083 108
1740457097407 0.8410689234733582 109
1740457097507 0.842475414276123 110
1740457097621 0.8410689234733582 111
1740457097724 0.8410689234733582 112
1740457097829 0.8410689234733582 113
1740457097944 0.8438818454742432 114
1740457098056 0.8312236070632935 115
1740457098175 0.8396624326705933 116
1740457098294 0.8452883362770081 117
