1740457085806 0.5519347786903381 0
1740457085942 0.5519347786903381 1
1740457086058 0.5519347786903381 2
1740457086157 0.5519347786903381 3
1740457086273 0.5519347786903381 4
1740457086390 0.5519347786903381 5
1740457086505 0.5519347786903381 6
1740457086600 0.5519347786903381 7
1740457086711 0.5519347786903381 8
1740457086816 0.5519347786903381 9
1740457086911 0.5519347786903381 10
1740457087020 0.5519347786903381 11
1740457087123 0.5519347786903381 12
1740457087221 0.5519347786903381 13
1740457087323 0.5519347786903381 14
1740457087437 0.5519347786903381 15
1740457087540 0.5519347786903381 16
1740457087634 0.5519347786903381 17
1740457087738 0.5519347786903381 18
1740457087835 0.5519347786903381 19
1740457087939 0.5519347786903381 20
1740457088039 0.5519347786903381 21
1740457088139 0.5519347786903381 22
1740457088240 0.5519347786903381 23
1740457088340 0.5519347786903381 24
1740457088439 0.5519347786903381 25
1740457088540 0.5519347786903381 26
1740457088639 0.5519347786903381 27
1740457088740 0.5519347786903381 28
1740457088840 0.5519347786903381 29
1740457088956 0.5519347786903381 30
1740457089056 0.5519347786903381 31
1740457089161 0.5519347786903381 32
1740457089259 0.5519347786903381 33
1740457089370 0.5519347786903381 34
1740457089472 0.5519347786903381 35
1740457089593 0.5519347786903381 36
1740457089719 0.5519347786903381 37
1740457089821 0.5519347786903381 38
1740457089919 0.5519347786903381 39
1740457090003 0.5519347786903381 40
1740457090128 0.5519347786903381 41
1740457090242 0.5519347786903381 42
1740457090349 0.5519347786903381 43
1740457090453 0.5519347786903381 44
1740457090569 0.5519347786903381 45
1740457090673 0.5519347786903381 46
1740457090778 0.5519347786903381 47
1740457090889 0.5519347786903381 48
1740457091004 0.5519347786903381 49
1740457091109 0.5519347786903381 50
1740457091225 0.5519347786903381 51
1740457091326 0.5519347786903381 52
1740457091439 0.5519347786903381 53
1740457091547 0.5519347786903381 54
1740457091659 0.5519347786903381 55
1740457091759 0.5519347786903381 56
1740457091874 0.5519347786903381 57
1740457091979 0.5519347786903381 58
1740457092076 0.5519347786903381 59
1740457092189 0.5519347786903381 60
1740457092301 0.5519347786903381 61
1740457092401 0.5519347786903381 62
1740457092505 0.5519347786903381 63
1740457092607 0.5519347786903381 64
1740457092709 0.5519347786903381 65
1740457092810 0.5519347786903381 66
1740457092910 0.5519347786903381 67
1740457093009 0.5519347786903381 68
1740457093139 0.5519347786903381 69
1740457093259 0.5519347786903381 70
1740457093355 0.5519347786903381 71
1740457093474 0.5519347786903381 72
1740457093583 0.5519347786903381 73
1740457093688 0.5519347786903381 74
1740457093796 0.5519347786903381 75
1740457093906 0.5519347786903381 76
1740457094009 0.5519347786903381 77
1740457094110 0.5519347786903381 78
1740457094213 0.5519347786903381 79
1740457094312 0.5519347786903381 80
1740457094413 0.5519347786903381 81
1740457094520 0.5519347786903381 82
1740457094620 0.5519347786903381 83
1740457094721 0.5519347786903381 84
1740457094824 0.5519347786903381 85
1740457094934 0.5519347786903381 86
1740457095042 0.5519347786903381 87
1740457095155 0.5519347786903381 88
1740457095259 0.5519347786903381 89
1740457095392 0.5519347786903381 90
1740457095493 0.5519347786903381 91
1740457095605 0.5519347786903381 92
1740457095729 0.5519347786903381 93
1740457095842 0.5519347786903381 94
1740457095950 0.5519347786903381 95
1740457096051 0.5519347786903381 96
1740457096144 0.5519347786903381 97
1740457096250 0.5519347786903381 98
1740457096343 0.5519347786903381 99
1740457096443 0.5519347786903381 100
1740457096552 0.5519347786903381 101
1740457096655 0.5519347786903381 102
1740457096773 0.5519347786903381 103
1740457096872 0.5519347786903381 104
1740457096989 0.5519347786903381 105
1740457097091 0.5519347786903381 106
1740457097188 0.5519347786903381 107
1740457097292 0.5519347786903381 108
1740457097407 0.5519347786903381 109
1740457097507 0.5519347786903381 110
1740457097621 0.5519347786903381 111
1740457097724 0.5519347786903381 112
1740457097829 0.5519347786903381 113
1740457097944 0.5519347786903381 114
1740457098056 0.5519347786903381 115
1740457098175 0.5519347786903381 116
1740457098294 0.5519347786903381 117
