1740457085806 3.922452449798584 0
1740457085942 3.662302255630493 1
1740457086058 3.422545909881592 2
1740457086157 3.194777250289917 3
1740457086273 2.9792137145996094 4
1740457086390 2.778306245803833 5
1740457086505 2.586519956588745 6
1740457086600 2.4085583686828613 7
1740457086711 2.2349610328674316 8
1740457086816 2.069786787033081 9
1740457086911 1.9171357154846191 10
1740457087020 1.789162278175354 11
1740457087123 1.683066964149475 12
1740457087221 1.5678859949111938 13
1740457087323 1.4842556715011597 14
1740457087437 1.399733066558838 15
1740457087540 1.307119607925415 16
1740457087634 1.2530540227890015 17
1740457087738 1.1787880659103394 18
1740457087835 1.1325657367706299 19
1740457087939 1.0668128728866577 20
1740457088039 1.0228941440582275 21
1740457088139 0.9869158864021301 22
1740457088240 0.9391294717788696 23
1740457088340 0.9061444401741028 24
1740457088439 0.8708527684211731 25
1740457088540 0.8456065654754639 26
1740457088639 0.8129937052726746 27
1740457088740 0.7932252287864685 28
1740457088840 0.7612220644950867 29
1740457088956 0.7422125935554504 30
1740457089056 0.7283155918121338 31
1740457089161 0.7142074108123779 32
1740457089259 0.6954246163368225 33
1740457089370 0.6736055016517639 34
1740457089472 0.6592302322387695 35
1740457089593 0.6458159685134888 36
1740457089719 0.6382218599319458 37
1740457089821 0.620999276638031 38
1740457089919 0.6166437864303589 39
1740457090003 0.6089746952056885 40
1740457090128 0.6021143794059753 41
1740457090242 0.5843374133110046 42
1740457090349 0.58638596534729 43
1740457090453 0.5725830793380737 44
1740457090569 0.5804816484451294 45
1740457090673 0.5599732995033264 46
1740457090778 0.566582202911377 47
1740457090889 0.5563762187957764 48
1740457091004 0.5628210306167603 49
1740457091109 0.5495046377182007 50
1740457091225 0.545413613319397 51
1740457091326 0.5483603477478027 52
1740457091439 0.5380584001541138 53
1740457091547 0.5367048382759094 54
1740457091659 0.5324969291687012 55
1740457091759 0.5314586758613586 56
1740457091874 0.5225622057914734 57
1740457091979 0.5233780145645142 58
1740457092076 0.5209618210792542 59
1740457092189 0.5229968428611755 60
1740457092301 0.5131146311759949 61
1740457092401 0.5300456881523132 62
1740457092505 0.529090940952301 63
1740457092607 0.5195829272270203 64
1740457092709 0.5189521312713623 65
1740457092810 0.511634111404419 66
1740457092910 0.5278775691986084 67
1740457093009 0.5156617164611816 68
1740457093139 0.5143305659294128 69
1740457093259 0.512753963470459 70
1740457093355 0.5137892365455627 71
1740457093474 0.5157190561294556 72
1740457093583 0.507999837398529 73
1740457093688 0.5102072358131409 74
1740457093796 0.5023407936096191 75
1740457093906 0.5063139200210571 76
1740457094009 0.500640869140625 77
1740457094110 0.5085891485214233 78
1740457094213 0.5044679045677185 79
1740457094312 0.5059680938720703 80
1740457094413 0.5025577545166016 81
1740457094520 0.5070965886116028 82
1740457094620 0.49552133679389954 83
1740457094721 0.5062315464019775 84
1740457094824 0.5028749108314514 85
1740457094934 0.4968765079975128 86
1740457095042 0.5059482455253601 87
1740457095155 0.4967633783817291 88
1740457095259 0.5049179792404175 89
1740457095392 0.4958561658859253 90
1740457095493 0.4974507689476013 91
1740457095605 0.4931351840496063 92
1740457095729 0.5007795691490173 93
1740457095842 0.4948033392429352 94
1740457095950 0.485759973526001 95
1740457096051 0.4958264231681824 96
1740457096144 0.4866558909416199 97
1740457096250 0.4928535521030426 98
1740457096343 0.48863986134529114 99
1740457096443 0.4909939169883728 100
1740457096552 0.5060535073280334 101
1740457096655 0.49738916754722595 102
1740457096773 0.4970022439956665 103
1740457096872 0.48536092042922974 104
1740457096989 0.4858620762825012 105
1740457097091 0.4879124164581299 106
1740457097188 0.48531731963157654 107
1740457097292 0.4937009811401367 108
1740457097407 0.494429349899292 109
1740457097507 0.4968726634979248 110
1740457097621 0.49138525128364563 111
1740457097724 0.48787450790405273 112
1740457097829 0.4861202538013458 113
1740457097944 0.4890223741531372 114
1740457098056 0.49463972449302673 115
1740457098175 0.48852917551994324 116
1740457098294 0.48987889289855957 117
