1740459613876 0.5752461552619934 0
1740459614008 0.597749650478363 1
1740459614141 0.6174402236938477 2
1740459614256 0.6174402236938477 3
1740459614357 0.6160337328910828 4
1740459614487 0.6202531456947327 5
1740459614606 0.6188467144966125 6
1740459614722 0.6188467144966125 7
1740459614843 0.6244725584983826 8
1740459614958 0.6202531456947327 9
1740459615074 0.6357243061065674 10
1740459615208 0.6483825445175171 11
1740459615325 0.6891701817512512 12
1740459615441 0.7609001398086548 13
1740459615575 0.7679324746131897 14
1740459615690 0.7960618734359741 15
1740459615813 0.8073136210441589 16
1740459615942 0.8059071898460388 17
1740459616087 0.8199718594551086 18
1740459616221 0.8340365886688232 19
1740459616360 0.8213783502578735 20
1740459616496 0.8185654282569885 21
1740459616631 0.8270041942596436 22
1740459616782 0.8045006990432739 23
1740459616940 0.8340365886688232 24
1740459617057 0.8101266026496887 25
1740459617189 0.8213783502578735 26
1740459617308 0.8241912722587585 27
1740459617432 0.8227847814559937 28
1740459617548 0.8312236070632935 29
1740459617659 0.8298171758651733 30
1740459617778 0.8326300978660583 31
1740459617895 0.8368495106697083 32
1740459618006 0.8270041942596436 33
1740459618137 0.8101266026496887 34
1740459618259 0.842475414276123 35
1740459618377 0.8340365886688232 36
1740459618498 0.8354430198669434 37
1740459618627 0.8340365886688232 38
1740459618756 0.8368495106697083 39
1740459618890 0.8340365886688232 40
1740459619023 0.8255977630615234 41
1740459619148 0.8326300978660583 42
1740459619259 0.8284106850624084 43
1740459619406 0.8143460154533386 44
1740459619544 0.842475414276123 45
1740459619669 0.8340365886688232 46
1740459619796 0.8312236070632935 47
1740459619921 0.8213783502578735 48
1740459620050 0.8284106850624084 49
1740459620174 0.8185654282569885 50
1740459620294 0.8438818454742432 51
1740459620406 0.8312236070632935 52
1740459620523 0.8199718594551086 53
1740459620641 0.8382560014724731 54
1740459620762 0.8368495106697083 55
1740459620876 0.8368495106697083 56
1740459620993 0.842475414276123 57
1740459621109 0.8199718594551086 58
1740459621225 0.8185654282569885 59
1740459621339 0.8312236070632935 60
1740459621456 0.8410689234733582 61
1740459621573 0.8368495106697083 62
1740459621692 0.8326300978660583 63
1740459621809 0.8354430198669434 64
1740459621944 0.8340365886688232 65
1740459622063 0.8270041942596436 66
1740459622176 0.8368495106697083 67
1740459622312 0.8227847814559937 68
1740459622426 0.8298171758651733 69
1740459622559 0.8410689234733582 70
1740459622688 0.8255977630615234 71
1740459622817 0.8340365886688232 72
1740459622939 0.8340365886688232 73
1740459623082 0.8354430198669434 74
1740459623198 0.8241912722587585 75
1740459623312 0.8368495106697083 76
1740459623428 0.8270041942596436 77
1740459623556 0.8326300978660583 78
1740459623676 0.8340365886688232 79
1740459623794 0.8326300978660583 80
1740459623910 0.8354430198669434 81
1740459624027 0.8270041942596436 82
1740459624143 0.8368495106697083 83
1740459624263 0.8368495106697083 84
1740459624383 0.8255977630615234 85
1740459624523 0.8199718594551086 86
1740459624655 0.8340365886688232 87
1740459624781 0.8382560014724731 88
1740459624914 0.842475414276123 89
1740459625053 0.8326300978660583 90
1740459625183 0.8396624326705933 91
1740459625315 0.8354430198669434 92
1740459625446 0.8354430198669434 93
1740459625578 0.8354430198669434 94
1740459625699 0.8466947674751282 95
1740459625811 0.8452883362770081 96
1740459625927 0.8368495106697083 97
1740459626055 0.8354430198669434 98
