1740459613876 0.5519347786903381 0
1740459614008 0.5519347786903381 1
1740459614141 0.5519347786903381 2
1740459614256 0.5519347786903381 3
1740459614357 0.5519347786903381 4
1740459614487 0.5519347786903381 5
1740459614606 0.5519347786903381 6
1740459614722 0.5519347786903381 7
1740459614843 0.5519347786903381 8
1740459614958 0.5519347786903381 9
1740459615074 0.5519347786903381 10
1740459615208 0.5519347786903381 11
1740459615325 0.5519347786903381 12
1740459615441 0.5519347786903381 13
1740459615575 0.5519347786903381 14
1740459615690 0.5519347786903381 15
1740459615813 0.5519347786903381 16
1740459615942 0.5519347786903381 17
1740459616087 0.5519347786903381 18
1740459616221 0.5519347786903381 19
1740459616360 0.5519347786903381 20
1740459616496 0.5519347786903381 21
1740459616631 0.5519347786903381 22
1740459616782 0.5519347786903381 23
1740459616940 0.5519347786903381 24
1740459617057 0.5519347786903381 25
1740459617189 0.5519347786903381 26
1740459617308 0.5519347786903381 27
1740459617432 0.5519347786903381 28
1740459617548 0.5519347786903381 29
1740459617659 0.5519347786903381 30
1740459617778 0.5519347786903381 31
1740459617895 0.5519347786903381 32
1740459618006 0.5519347786903381 33
1740459618137 0.5519347786903381 34
1740459618259 0.5519347786903381 35
1740459618377 0.5519347786903381 36
1740459618498 0.5519347786903381 37
1740459618627 0.5519347786903381 38
1740459618756 0.5519347786903381 39
1740459618890 0.5519347786903381 40
1740459619023 0.5519347786903381 41
1740459619148 0.5519347786903381 42
1740459619259 0.5519347786903381 43
1740459619406 0.5519347786903381 44
1740459619544 0.5519347786903381 45
1740459619669 0.5519347786903381 46
1740459619796 0.5519347786903381 47
1740459619921 0.5519347786903381 48
1740459620050 0.5519347786903381 49
1740459620174 0.5519347786903381 50
1740459620294 0.5519347786903381 51
1740459620406 0.5519347786903381 52
1740459620523 0.5519347786903381 53
1740459620641 0.5519347786903381 54
1740459620762 0.5519347786903381 55
1740459620876 0.5519347786903381 56
1740459620993 0.5519347786903381 57
1740459621109 0.5519347786903381 58
1740459621225 0.5519347786903381 59
1740459621339 0.5519347786903381 60
1740459621456 0.5519347786903381 61
1740459621573 0.5519347786903381 62
1740459621692 0.5519347786903381 63
1740459621809 0.5519347786903381 64
1740459621944 0.5519347786903381 65
1740459622063 0.5519347786903381 66
1740459622176 0.5519347786903381 67
1740459622312 0.5519347786903381 68
1740459622426 0.5519347786903381 69
1740459622559 0.5519347786903381 70
1740459622688 0.5519347786903381 71
1740459622817 0.5519347786903381 72
1740459622939 0.5519347786903381 73
1740459623082 0.5519347786903381 74
1740459623198 0.5519347786903381 75
1740459623312 0.5519347786903381 76
1740459623428 0.5519347786903381 77
1740459623556 0.5519347786903381 78
1740459623676 0.5519347786903381 79
1740459623794 0.5519347786903381 80
1740459623910 0.5519347786903381 81
1740459624027 0.5519347786903381 82
1740459624143 0.5519347786903381 83
1740459624263 0.5519347786903381 84
1740459624383 0.5519347786903381 85
1740459624523 0.5519347786903381 86
1740459624655 0.5519347786903381 87
1740459624781 0.5519347786903381 88
1740459624914 0.5519347786903381 89
1740459625053 0.5519347786903381 90
1740459625183 0.5519347786903381 91
1740459625315 0.5519347786903381 92
1740459625446 0.5519347786903381 93
1740459625578 0.5519347786903381 94
1740459625699 0.5519347786903381 95
1740459625811 0.5519347786903381 96
1740459625927 0.5519347786903381 97
1740459626055 0.5519347786903381 98
