1740459613876 5.1433892250061035 0
1740459614008 4.785499095916748 1
1740459614141 4.444487571716309 2
1740459614256 4.12967586517334 3
1740459614357 3.832528829574585 4
1740459614487 3.5647692680358887 5
1740459614606 3.3067636489868164 6
1740459614722 3.0826222896575928 7
1740459614843 2.8642966747283936 8
1740459614958 2.6670854091644287 9
1740459615074 2.4766995906829834 10
1740459615208 2.3034985065460205 11
1740459615325 2.141519784927368 12
1740459615441 1.9896482229232788 13
1740459615575 1.8596936464309692 14
1740459615690 1.758246660232544 15
1740459615813 1.6251380443572998 16
1740459615942 1.5385808944702148 17
1740459616087 1.4263964891433716 18
1740459616221 1.3400214910507202 19
1740459616360 1.2682404518127441 20
1740459616496 1.2001984119415283 21
1740459616631 1.1321969032287598 22
1740459616782 1.09457528591156 23
1740459616940 1.0531728267669678 24
1740459617057 1.0008100271224976 25
1740459617189 0.9616637229919434 26
1740459617308 0.9141514301300049 27
1740459617432 0.8911411762237549 28
1740459617548 0.8543367981910706 29
1740459617659 0.8331040143966675 30
1740459617778 0.7960587739944458 31
1740459617895 0.7855857014656067 32
1740459618006 0.7466916441917419 33
1740459618137 0.7392502427101135 34
1740459618259 0.7202152013778687 35
1740459618377 0.7069169282913208 36
1740459618498 0.6904937028884888 37
1740459618627 0.6747046709060669 38
1740459618756 0.6599951982498169 39
1740459618890 0.6571091413497925 40
1740459619023 0.6622640490531921 41
1740459619148 0.6384682059288025 42
1740459619259 0.6478545069694519 43
1740459619406 0.6370604634284973 44
1740459619544 0.6204339265823364 45
1740459619669 0.6160343885421753 46
1740459619796 0.6090076565742493 47
1740459619921 0.6079531908035278 48
1740459620050 0.5970673561096191 49
1740459620174 0.6041509509086609 50
1740459620294 0.5892881751060486 51
1740459620406 0.5873479843139648 52
1740459620523 0.6076151728630066 53
1740459620641 0.5872217416763306 54
1740459620762 0.5660568475723267 55
1740459620876 0.5912927985191345 56
1740459620993 0.562049925327301 57
1740459621109 0.5833590626716614 58
1740459621225 0.5732885003089905 59
1740459621339 0.5782511234283447 60
1740459621456 0.5681064128875732 61
1740459621573 0.5600532293319702 62
1740459621692 0.5614148378372192 63
1740459621809 0.5605242848396301 64
1740459621944 0.5616447329521179 65
1740459622063 0.5713188052177429 66
1740459622176 0.5673122406005859 67
1740459622312 0.5660106539726257 68
1740459622426 0.5623666048049927 69
1740459622559 0.562811553478241 70
1740459622688 0.5683770775794983 71
1740459622817 0.5486755967140198 72
1740459622939 0.5615928769111633 73
1740459623082 0.5360224843025208 74
1740459623198 0.5650441646575928 75
1740459623312 0.5485825538635254 76
1740459623428 0.557048499584198 77
1740459623556 0.5582731366157532 78
1740459623676 0.5604762434959412 79
1740459623794 0.5487364530563354 80
1740459623910 0.5572917461395264 81
1740459624027 0.5575098991394043 82
1740459624143 0.5503668785095215 83
1740459624263 0.5476726293563843 84
1740459624383 0.5532276034355164 85
1740459624523 0.5557711720466614 86
1740459624655 0.5543755888938904 87
1740459624781 0.5580270290374756 88
1740459624914 0.546120285987854 89
1740459625053 0.559636652469635 90
1740459625183 0.5484228730201721 91
1740459625315 0.5517587065696716 92
1740459625446 0.550971508026123 93
1740459625578 0.5321182608604431 94
1740459625699 0.5569989085197449 95
1740459625811 0.5358404517173767 96
1740459625927 0.5322564244270325 97
1740459626055 0.5476216673851013 98
