1740458800082 0.6132208108901978 0
1740458800214 0.6188467144966125 1
1740458800337 0.7060478329658508 2
1740458800431 0.7735583782196045 3
1740458800534 0.8059071898460388 4
1740458800633 0.8255977630615234 5
1740458800736 0.8213783502578735 6
1740458800843 0.7791842222213745 7
1740458800955 0.8101266026496887 8
1740458801063 0.797468364238739 9
1740458801162 0.8157524466514587 10
1740458801266 0.794655442237854 11
1740458801385 0.8115330338478088 12
1740458801481 0.7988747954368591 13
1740458801581 0.8270041942596436 14
1740458801683 0.8213783502578735 15
1740458801783 0.8340365886688232 16
1740458801899 0.8340365886688232 17
1740458801998 0.8255977630615234 18
1740458802098 0.842475414276123 19
1740458802203 0.8368495106697083 20
1740458802302 0.8255977630615234 21
1740458802402 0.8270041942596436 22
1740458802502 0.8255977630615234 23
1740458802599 0.8326300978660583 24
1740458802700 0.8382560014724731 25
1740458802800 0.8340365886688232 26
1740458802901 0.8396624326705933 27
1740458803001 0.8270041942596436 28
1740458803100 0.842475414276123 29
1740458803218 0.8298171758651733 30
1740458803320 0.8410689234733582 31
1740458803433 0.8410689234733582 32
1740458803539 0.8396624326705933 33
1740458803665 0.8382560014724731 34
1740458803768 0.8326300978660583 35
1740458803879 0.8298171758651733 36
1740458803983 0.842475414276123 37
1740458804085 0.8452883362770081 38
1740458804185 0.8466947674751282 39
1740458804291 0.8481012582778931 40
1740458804395 0.842475414276123 41
1740458804501 0.8312236070632935 42
1740458804595 0.8396624326705933 43
1740458804697 0.8340365886688232 44
1740458804815 0.8410689234733582 45
1740458804925 0.849507749080658 46
1740458805031 0.8396624326705933 47
1740458805134 0.8382560014724731 48
