1740458800082 0.5519347786903381 0
1740458800214 0.5519347786903381 1
1740458800337 0.5519347786903381 2
1740458800431 0.5519347786903381 3
1740458800534 0.5519347786903381 4
1740458800633 0.5519347786903381 5
1740458800736 0.5519347786903381 6
1740458800843 0.5519347786903381 7
1740458800955 0.5519347786903381 8
1740458801063 0.5519347786903381 9
1740458801162 0.5519347786903381 10
1740458801266 0.5519347786903381 11
1740458801385 0.5519347786903381 12
1740458801481 0.5519347786903381 13
1740458801581 0.5519347786903381 14
1740458801683 0.5519347786903381 15
1740458801783 0.5519347786903381 16
1740458801899 0.5519347786903381 17
1740458801998 0.5519347786903381 18
1740458802098 0.5519347786903381 19
1740458802203 0.5519347786903381 20
1740458802302 0.5519347786903381 21
1740458802402 0.5519347786903381 22
1740458802502 0.5519347786903381 23
1740458802599 0.5519347786903381 24
1740458802700 0.5519347786903381 25
1740458802800 0.5519347786903381 26
1740458802901 0.5519347786903381 27
1740458803001 0.5519347786903381 28
1740458803100 0.5519347786903381 29
1740458803218 0.5519347786903381 30
1740458803320 0.5519347786903381 31
1740458803433 0.5519347786903381 32
1740458803539 0.5519347786903381 33
1740458803665 0.5519347786903381 34
1740458803768 0.5519347786903381 35
1740458803879 0.5519347786903381 36
1740458803983 0.5519347786903381 37
1740458804085 0.5519347786903381 38
1740458804185 0.5519347786903381 39
1740458804291 0.5519347786903381 40
1740458804395 0.5519347786903381 41
1740458804501 0.5519347786903381 42
1740458804595 0.5519347786903381 43
1740458804697 0.5519347786903381 44
1740458804815 0.5519347786903381 45
1740458804925 0.5519347786903381 46
1740458805031 0.5519347786903381 47
1740458805134 0.5519347786903381 48
