1740458800082 3.8714566230773926 0
1740458800214 3.480588912963867 1
1740458800337 3.120999336242676 2
1740458800431 2.824575424194336 3
1740458800534 2.564889669418335 4
1740458800633 2.3367302417755127 5
1740458800736 2.151670455932617 6
1740458800843 2.068171262741089 7
1740458800955 1.8831530809402466 8
1740458801063 1.7903568744659424 9
1740458801162 1.6452449560165405 10
1740458801266 1.5772011280059814 11
1740458801385 1.4845459461212158 12
1740458801481 1.4178959131240845 13
1740458801581 1.3291844129562378 14
1740458801683 1.283312439918518 15
1740458801783 1.2234747409820557 16
1740458801899 1.1655765771865845 17
1740458801998 1.1401429176330566 18
1740458802098 1.0966538190841675 19
1740458802203 1.056511640548706 20
1740458802302 1.0253782272338867 21
1740458802402 0.9906622171401978 22
1740458802502 0.9941068291664124 23
1740458802599 0.950996994972229 24
1740458802700 0.9385839700698853 25
1740458802800 0.9227174520492554 26
1740458802901 0.9010029435157776 27
1740458803001 0.8967359066009521 28
1740458803100 0.8728362917900085 29
1740458803218 0.8826136589050293 30
1740458803320 0.8547526597976685 31
1740458803433 0.8425671458244324 32
1740458803539 0.8497028350830078 33
1740458803665 0.8515453338623047 34
1740458803768 0.8636128902435303 35
1740458803879 0.8435946106910706 36
1740458803983 0.8498719930648804 37
1740458804085 0.8464366793632507 38
1740458804185 0.8518080115318298 39
1740458804291 0.8415394425392151 40
1740458804395 0.8538581132888794 41
1740458804501 0.8463435173034668 42
1740458804595 0.8499917984008789 43
1740458804697 0.8490627408027649 44
1740458804815 0.8421775698661804 45
1740458804925 0.8547286987304688 46
1740458805031 0.8505213856697083 47
1740458805134 0.858713686466217 48
