1740449314588 0.5344585180282593 0
1740449314707 0.604781985282898 1
1740449314816 0.6286919713020325 2
1740449314904 0.6272855401039124 3
1740449315018 0.6216596364974976 4
1740449315123 0.6202531456947327 5
1740449315237 0.6188467144966125 6
1740449315339 0.6258790493011475 7
1740449315449 0.6385372877120972 8
1740449315555 0.6877636909484863 9
1740449315675 0.7299578189849854 10
1740449315774 0.7665260434150696 11
1740449315906 0.7777777910232544 12
1740449316006 0.7763713002204895 13
1740449316124 0.7918424606323242 14
1740449316222 0.803094208240509 15
1740449316339 0.797468364238739 16
1740449316442 0.8087201118469238 17
1740449316554 0.8241912722587585 18
1740449316657 0.8185654282569885 19
1740449316771 0.8284106850624084 20
1740449316875 0.8227847814559937 21
1740449316983 0.8101266026496887 22
1740449317090 0.8115330338478088 23
1740449317191 0.8213783502578735 24
1740449317305 0.8087201118469238 25
1740449317419 0.8171589374542236 26
1740449317525 0.8213783502578735 27
1740449317636 0.8199718594551086 28
1740449317737 0.8199718594551086 29
1740449317841 0.8227847814559937 30
1740449317953 0.8185654282569885 31
1740449318054 0.8129395246505737 32
1740449318157 0.8284106850624084 33
1740449318269 0.8199718594551086 34
1740449318370 0.8213783502578735 35
1740449318488 0.8199718594551086 36
1740449318590 0.8227847814559937 37
1740449318697 0.8368495106697083 38
1740449318807 0.8354430198669434 39
1740449318906 0.8354430198669434 40
1740449319020 0.8270041942596436 41
1740449319120 0.8284106850624084 42
1740449319229 0.8143460154533386 43
1740449319324 0.8340365886688232 44
1740449319444 0.8213783502578735 45
1740449319556 0.8340365886688232 46
1740449319673 0.8382560014724731 47
1740449319776 0.8298171758651733 48
1740449319884 0.8340365886688232 49
1740449319987 0.8382560014724731 50
1740449320091 0.8368495106697083 51
1740449320206 0.8255977630615234 52
1740449320317 0.8368495106697083 53
1740449320425 0.8227847814559937 54
1740449320524 0.8284106850624084 55
1740449320640 0.8438818454742432 56
1740449320755 0.8466947674751282 57
1740449320858 0.8396624326705933 58
1740449320958 0.8298171758651733 59
1740449321073 0.8452883362770081 60
1740449321181 0.8255977630615234 61
1740449321288 0.8326300978660583 62
1740449321394 0.8382560014724731 63
1740449321507 0.8438818454742432 64
1740449321637 0.8298171758651733 65
1740449321758 0.8326300978660583 66
1740449321872 0.8340365886688232 67
1740449321990 0.842475414276123 68
1740449322125 0.8312236070632935 69
1740449322249 0.8312236070632935 70
1740449322357 0.8382560014724731 71
1740449322468 0.8354430198669434 72
1740449322589 0.8382560014724731 73
1740449322694 0.8354430198669434 74
1740449322810 0.8396624326705933 75
1740449322927 0.8241912722587585 76
1740449323040 0.8284106850624084 77
1740449323153 0.8396624326705933 78
1740449323257 0.849507749080658 79
1740449323374 0.8312236070632935 80
1740449323473 0.8368495106697083 81
1740449323590 0.8452883362770081 82
1740449323707 0.8452883362770081 83
1740449323807 0.8227847814559937 84
1740449323928 0.8382560014724731 85
1740449324041 0.8382560014724731 86
1740449324152 0.8087201118469238 87
1740449324257 0.8382560014724731 88
1740449324375 0.8354430198669434 89
1740449324492 0.8354430198669434 90
1740449324607 0.8354430198669434 91
1740449324725 0.8382560014724731 92
1740449324840 0.8340365886688232 93
1740449324954 0.8466947674751282 94
1740449325058 0.8284106850624084 95
1740449325175 0.8298171758651733 96
1740449325287 0.8396624326705933 97
1740449325404 0.8481012582778931 98
1740449325520 0.8354430198669434 99
1740449325641 0.8452883362770081 100
1740449325756 0.8466947674751282 101
1740449325852 0.842475414276123 102
1740449325972 0.8312236070632935 103
1740449326070 0.8396624326705933 104
1740449326189 0.8284106850624084 105
1740449326296 0.8255977630615234 106
1740449326406 0.8410689234733582 107
1740449326501 0.8270041942596436 108
1740449326624 0.8382560014724731 109
1740449326735 0.8438818454742432 110
1740449326837 0.8340365886688232 111
1740449326970 0.8438818454742432 112
1740449327075 0.8410689234733582 113
1740449327175 0.8340365886688232 114
1740449327313 0.8452883362770081 115
1740449327419 0.849507749080658 116
1740449327526 0.8255977630615234 117
1740449327639 0.8298171758651733 118
1740449327752 0.8241912722587585 119
1740449327872 0.8255977630615234 120
1740449327986 0.8452883362770081 121
1740449328095 0.8382560014724731 122
1740449328212 0.8438818454742432 123
1740449328321 0.8354430198669434 124
1740449328420 0.8326300978660583 125
1740449328536 0.8410689234733582 126
1740449328641 0.8354430198669434 127
1740449328740 0.8298171758651733 128
1740449328859 0.8452883362770081 129
1740449328971 0.8326300978660583 130
1740449329075 0.8452883362770081 131
1740449329190 0.8466947674751282 132
1740449329303 0.849507749080658 133
1740449329417 0.8382560014724731 134
1740449329524 0.8368495106697083 135
1740449329637 0.8410689234733582 136
1740449329753 0.8326300978660583 137
1740449329873 0.8270041942596436 138
1740449329988 0.8396624326705933 139
1740449330091 0.8368495106697083 140
1740449330207 0.8382560014724731 141
1740449330302 0.8340365886688232 142
1740449330419 0.8213783502578735 143
1740449330523 0.8284106850624084 144
1740449330638 0.8565400838851929 145
1740449330752 0.8410689234733582 146
1740449330859 0.8438818454742432 147
1740449330977 0.8354430198669434 148
1740449331085 0.8368495106697083 149
1740449331194 0.8284106850624084 150
1740449331307 0.8227847814559937 151
1740449331420 0.8396624326705933 152
1740449331539 0.8326300978660583 153
1740449331650 0.8354430198669434 154
1740449331760 0.842475414276123 155
1740449331858 0.8537271618843079 156
1740449331983 0.842475414276123 157
1740449332099 0.8326300978660583 158
1740449332210 0.8368495106697083 159
1740449332319 0.8438818454742432 160
1740449332436 0.8410689234733582 161
1740449332555 0.8340365886688232 162
1740449332657 0.8340365886688232 163
1740449332773 0.842475414276123 164
1740449332876 0.8368495106697083 165
1740449332989 0.8410689234733582 166
1740449333091 0.842475414276123 167
1740449333207 0.8368495106697083 168
1740449333306 0.8354430198669434 169
1740449333421 0.8354430198669434 170
1740449333534 0.8438818454742432 171
1740449333645 0.8509141802787781 172
1740449333760 0.8340365886688232 173
1740449333857 0.8354430198669434 174
1740449333975 0.8340365886688232 175
1740449334088 0.8326300978660583 176
1740449334220 0.8354430198669434 177
1740449334336 0.8298171758651733 178
1740449334454 0.8284106850624084 179
1740449334573 0.8396624326705933 180
1740449334703 0.8255977630615234 181
1740449334821 0.8452883362770081 182
1740449334924 0.8481012582778931 183
1740449335025 0.8410689234733582 184
1740449335142 0.8368495106697083 185
1740449335240 0.8298171758651733 186
1740449335357 0.8354430198669434 187
1740449335457 0.8326300978660583 188
1740449335573 0.8438818454742432 189
1740449335674 0.852320671081543 190
1740449335807 0.8354430198669434 191
1740449335906 0.8410689234733582 192
1740449336027 0.8270041942596436 193
1740449336143 0.849507749080658 194
1740449336257 0.8396624326705933 195
1740449336360 0.849507749080658 196
1740449336489 0.8340365886688232 197
1740449336603 0.849507749080658 198
1740449336719 0.8410689234733582 199
