1740449314588 0.5519347786903381 0
1740449314707 0.5519347786903381 1
1740449314816 0.5519347786903381 2
1740449314904 0.5519347786903381 3
1740449315018 0.5519347786903381 4
1740449315123 0.5519347786903381 5
1740449315237 0.5519347786903381 6
1740449315339 0.5519347786903381 7
1740449315449 0.5519347786903381 8
1740449315555 0.5519347786903381 9
1740449315675 0.5519347786903381 10
1740449315774 0.5519347786903381 11
1740449315906 0.5519347786903381 12
1740449316006 0.5519347786903381 13
1740449316124 0.5519347786903381 14
1740449316222 0.5519347786903381 15
1740449316339 0.5519347786903381 16
1740449316442 0.5519347786903381 17
1740449316554 0.5519347786903381 18
1740449316657 0.5519347786903381 19
1740449316771 0.5519347786903381 20
1740449316875 0.5519347786903381 21
1740449316983 0.5519347786903381 22
1740449317090 0.5519347786903381 23
1740449317191 0.5519347786903381 24
1740449317305 0.5519347786903381 25
1740449317419 0.5519347786903381 26
1740449317525 0.5519347786903381 27
1740449317636 0.5519347786903381 28
1740449317737 0.5519347786903381 29
1740449317841 0.5519347786903381 30
1740449317953 0.5519347786903381 31
1740449318054 0.5519347786903381 32
1740449318157 0.5519347786903381 33
1740449318269 0.5519347786903381 34
1740449318370 0.5519347786903381 35
1740449318488 0.5519347786903381 36
1740449318590 0.5519347786903381 37
1740449318697 0.5519347786903381 38
1740449318807 0.5519347786903381 39
1740449318906 0.5519347786903381 40
1740449319020 0.5519347786903381 41
1740449319120 0.5519347786903381 42
1740449319229 0.5519347786903381 43
1740449319324 0.5519347786903381 44
1740449319444 0.5519347786903381 45
1740449319556 0.5519347786903381 46
1740449319673 0.5519347786903381 47
1740449319776 0.5519347786903381 48
1740449319884 0.5519347786903381 49
1740449319987 0.5519347786903381 50
1740449320091 0.5519347786903381 51
1740449320206 0.5519347786903381 52
1740449320317 0.5519347786903381 53
1740449320425 0.5519347786903381 54
1740449320524 0.5519347786903381 55
1740449320640 0.5519347786903381 56
1740449320755 0.5519347786903381 57
1740449320858 0.5519347786903381 58
1740449320958 0.5519347786903381 59
1740449321073 0.5519347786903381 60
1740449321181 0.5519347786903381 61
1740449321288 0.5519347786903381 62
1740449321394 0.5519347786903381 63
1740449321507 0.5519347786903381 64
1740449321637 0.5519347786903381 65
1740449321758 0.5519347786903381 66
1740449321872 0.5519347786903381 67
1740449321990 0.5519347786903381 68
1740449322125 0.5519347786903381 69
1740449322249 0.5519347786903381 70
1740449322357 0.5519347786903381 71
1740449322468 0.5519347786903381 72
1740449322589 0.5519347786903381 73
1740449322694 0.5519347786903381 74
1740449322810 0.5519347786903381 75
1740449322927 0.5519347786903381 76
1740449323040 0.5519347786903381 77
1740449323153 0.5519347786903381 78
1740449323257 0.5519347786903381 79
1740449323374 0.5519347786903381 80
1740449323473 0.5519347786903381 81
1740449323590 0.5519347786903381 82
1740449323707 0.5519347786903381 83
1740449323807 0.5519347786903381 84
1740449323928 0.5519347786903381 85
1740449324041 0.5519347786903381 86
1740449324152 0.5519347786903381 87
1740449324257 0.5519347786903381 88
1740449324375 0.5519347786903381 89
1740449324492 0.5519347786903381 90
1740449324607 0.5519347786903381 91
1740449324725 0.5519347786903381 92
1740449324840 0.5519347786903381 93
1740449324954 0.5519347786903381 94
1740449325058 0.5519347786903381 95
1740449325175 0.5519347786903381 96
1740449325287 0.5519347786903381 97
1740449325404 0.5519347786903381 98
1740449325520 0.5519347786903381 99
1740449325641 0.5519347786903381 100
1740449325756 0.5519347786903381 101
1740449325852 0.5519347786903381 102
1740449325972 0.5519347786903381 103
1740449326070 0.5519347786903381 104
1740449326189 0.5519347786903381 105
1740449326296 0.5519347786903381 106
1740449326406 0.5519347786903381 107
1740449326501 0.5519347786903381 108
1740449326624 0.5519347786903381 109
1740449326735 0.5519347786903381 110
1740449326837 0.5519347786903381 111
1740449326970 0.5519347786903381 112
1740449327075 0.5519347786903381 113
1740449327175 0.5519347786903381 114
1740449327313 0.5519347786903381 115
1740449327419 0.5519347786903381 116
1740449327526 0.5519347786903381 117
1740449327639 0.5519347786903381 118
1740449327752 0.5519347786903381 119
1740449327872 0.5519347786903381 120
1740449327986 0.5519347786903381 121
1740449328095 0.5519347786903381 122
1740449328212 0.5519347786903381 123
1740449328321 0.5519347786903381 124
1740449328420 0.5519347786903381 125
1740449328536 0.5519347786903381 126
1740449328641 0.5519347786903381 127
1740449328740 0.5519347786903381 128
1740449328859 0.5519347786903381 129
1740449328971 0.5519347786903381 130
1740449329075 0.5519347786903381 131
1740449329190 0.5519347786903381 132
1740449329303 0.5519347786903381 133
1740449329417 0.5519347786903381 134
1740449329524 0.5519347786903381 135
1740449329637 0.5519347786903381 136
1740449329753 0.5519347786903381 137
1740449329873 0.5519347786903381 138
1740449329988 0.5519347786903381 139
1740449330091 0.5519347786903381 140
1740449330207 0.5519347786903381 141
1740449330302 0.5519347786903381 142
1740449330419 0.5519347786903381 143
1740449330523 0.5519347786903381 144
1740449330638 0.5519347786903381 145
1740449330752 0.5519347786903381 146
1740449330859 0.5519347786903381 147
1740449330977 0.5519347786903381 148
1740449331085 0.5519347786903381 149
1740449331194 0.5519347786903381 150
1740449331307 0.5519347786903381 151
1740449331420 0.5519347786903381 152
1740449331539 0.5519347786903381 153
1740449331650 0.5519347786903381 154
1740449331760 0.5519347786903381 155
1740449331858 0.5519347786903381 156
1740449331983 0.5519347786903381 157
1740449332099 0.5519347786903381 158
1740449332210 0.5519347786903381 159
1740449332319 0.5519347786903381 160
1740449332436 0.5519347786903381 161
1740449332555 0.5519347786903381 162
1740449332657 0.5519347786903381 163
1740449332773 0.5519347786903381 164
1740449332876 0.5519347786903381 165
1740449332989 0.5519347786903381 166
1740449333091 0.5519347786903381 167
1740449333207 0.5519347786903381 168
1740449333306 0.5519347786903381 169
1740449333421 0.5519347786903381 170
1740449333534 0.5519347786903381 171
1740449333645 0.5519347786903381 172
1740449333760 0.5519347786903381 173
1740449333857 0.5519347786903381 174
1740449333975 0.5519347786903381 175
1740449334088 0.5519347786903381 176
1740449334220 0.5519347786903381 177
1740449334336 0.5519347786903381 178
1740449334454 0.5519347786903381 179
1740449334573 0.5519347786903381 180
1740449334703 0.5519347786903381 181
1740449334821 0.5519347786903381 182
1740449334924 0.5519347786903381 183
1740449335025 0.5519347786903381 184
1740449335142 0.5519347786903381 185
1740449335240 0.5519347786903381 186
1740449335357 0.5519347786903381 187
1740449335457 0.5519347786903381 188
1740449335573 0.5519347786903381 189
1740449335674 0.5519347786903381 190
1740449335807 0.5519347786903381 191
1740449335906 0.5519347786903381 192
1740449336027 0.5519347786903381 193
1740449336143 0.5519347786903381 194
1740449336257 0.5519347786903381 195
1740449336360 0.5519347786903381 196
1740449336489 0.5519347786903381 197
1740449336603 0.5519347786903381 198
1740449336719 0.5519347786903381 199
