1740449314588 3.9203882217407227 0
1740449314707 3.6632580757141113 1
1740449314816 3.426961660385132 2
1740449314904 3.199263334274292 3
1740449315018 2.990320920944214 4
1740449315123 2.7849559783935547 5
1740449315237 2.595043897628784 6
1740449315339 2.4192543029785156 7
1740449315449 2.2476398944854736 8
1740449315555 2.1167829036712646 9
1740449315675 1.9827357530593872 10
1740449315774 1.8637429475784302 11
1740449315906 1.7479064464569092 12
1740449316006 1.6456950902938843 13
1740449316124 1.5562721490859985 14
1740449316222 1.4632911682128906 15
1740449316339 1.388033390045166 16
1740449316442 1.3074636459350586 17
1740449316554 1.246977686882019 18
1740449316657 1.1813275814056396 19
1740449316771 1.1250743865966797 20
1740449316875 1.0764384269714355 21
1740449316983 1.0271848440170288 22
1740449317090 0.9781862497329712 23
1740449317191 0.9517962336540222 24
1740449317305 0.9028109908103943 25
1740449317419 0.8758938908576965 26
1740449317525 0.831194281578064 27
1740449317636 0.8117488026618958 28
1740449317737 0.7828301191329956 29
1740449317841 0.772966742515564 30
1740449317953 0.7488706111907959 31
1740449318054 0.7234249711036682 32
1740449318157 0.7059497237205505 33
1740449318269 0.7015119194984436 34
1740449318370 0.6773866415023804 35
1740449318488 0.6614174842834473 36
1740449318590 0.6463125348091125 37
1740449318697 0.6365315914154053 38
1740449318807 0.6402496695518494 39
1740449318906 0.6318683624267578 40
1740449319020 0.6161077618598938 41
1740449319120 0.6132755279541016 42
1740449319229 0.6135144829750061 43
1740449319324 0.6014898419380188 44
1740449319444 0.5850639343261719 45
1740449319556 0.5866832137107849 46
1740449319673 0.5887887477874756 47
1740449319776 0.5867094397544861 48
1740449319884 0.5773274302482605 49
1740449319987 0.5509421229362488 50
1740449320091 0.5728012323379517 51
1740449320206 0.5653672218322754 52
1740449320317 0.5614805221557617 53
1740449320425 0.5749160051345825 54
1740449320524 0.568604588508606 55
1740449320640 0.5563875436782837 56
1740449320755 0.540410578250885 57
1740449320858 0.5312135815620422 58
1740449320958 0.561700701713562 59
1740449321073 0.5369030237197876 60
1740449321181 0.5577448606491089 61
1740449321288 0.5384603142738342 62
1740449321394 0.5440614819526672 63
1740449321507 0.534774661064148 64
1740449321637 0.5390620231628418 65
1740449321758 0.5377872586250305 66
1740449321872 0.5448998808860779 67
1740449321990 0.5436640381813049 68
1740449322125 0.5438506007194519 69
1740449322249 0.5382143259048462 70
1740449322357 0.5307206511497498 71
1740449322468 0.5324921607971191 72
1740449322589 0.5224820375442505 73
1740449322694 0.5213010311126709 74
1740449322810 0.5326874852180481 75
1740449322927 0.5400124788284302 76
1740449323040 0.5458312034606934 77
1740449323153 0.5200913548469543 78
1740449323257 0.5140554308891296 79
1740449323374 0.5314397215843201 80
1740449323473 0.5311867594718933 81
1740449323590 0.5304391384124756 82
1740449323707 0.5128369331359863 83
1740449323807 0.5383855700492859 84
1740449323928 0.5215186476707458 85
1740449324041 0.5147812962532043 86
1740449324152 0.5449205040931702 87
1740449324257 0.5093268156051636 88
1740449324375 0.5176306366920471 89
1740449324492 0.5195556879043579 90
1740449324607 0.5196260213851929 91
1740449324725 0.539878249168396 92
1740449324840 0.5211287140846252 93
1740449324954 0.5076937079429626 94
1740449325058 0.5204198360443115 95
1740449325175 0.5287430286407471 96
1740449325287 0.5145646333694458 97
1740449325404 0.5211529731750488 98
1740449325520 0.5191638469696045 99
1740449325641 0.5211805105209351 100
1740449325756 0.5060585141181946 101
1740449325852 0.5060175657272339 102
1740449325972 0.5149538516998291 103
1740449326070 0.5228188633918762 104
1740449326189 0.5226066708564758 105
1740449326296 0.5136315226554871 106
1740449326406 0.5144417881965637 107
1740449326501 0.5260167121887207 108
1740449326624 0.5137932300567627 109
1740449326735 0.49941185116767883 110
1740449326837 0.5131656527519226 111
1740449326970 0.5042017102241516 112
1740449327075 0.5213037729263306 113
1740449327175 0.5196846723556519 114
1740449327313 0.5130165219306946 115
1740449327419 0.516171932220459 116
1740449327526 0.5256515145301819 117
1740449327639 0.5165582299232483 118
1740449327752 0.5186171531677246 119
1740449327872 0.5201660990715027 120
1740449327986 0.5245085954666138 121
1740449328095 0.5050906538963318 122
1740449328212 0.5155745148658752 123
1740449328321 0.512647271156311 124
1740449328420 0.5203886032104492 125
1740449328536 0.518436074256897 126
1740449328641 0.5010396242141724 127
1740449328740 0.4872687757015228 128
1740449328859 0.5214447379112244 129
1740449328971 0.5136319398880005 130
1740449329075 0.5130801200866699 131
1740449329190 0.5051941275596619 132
1740449329303 0.515552818775177 133
1740449329417 0.5141024589538574 134
1740449329524 0.5139747858047485 135
1740449329637 0.5041552782058716 136
1740449329753 0.5206563472747803 137
1740449329873 0.5120262503623962 138
1740449329988 0.5105476379394531 139
1740449330091 0.5131896734237671 140
1740449330207 0.5008794069290161 141
1740449330302 0.5052281022071838 142
1740449330419 0.5086010694503784 143
1740449330523 0.5214204788208008 144
1740449330638 0.5058374404907227 145
1740449330752 0.4885314404964447 146
1740449330859 0.5071114897727966 147
1740449330977 0.48956334590911865 148
1740449331085 0.5168938040733337 149
1740449331194 0.5249280333518982 150
1740449331307 0.5098994970321655 151
1740449331420 0.5185796618461609 152
1740449331539 0.5142252445220947 153
1740449331650 0.50373375415802 154
1740449331760 0.5076937079429626 155
1740449331858 0.4966929852962494 156
1740449331983 0.5063969492912292 157
1740449332099 0.5080600380897522 158
1740449332210 0.509946346282959 159
1740449332319 0.5077863931655884 160
1740449332436 0.5104327201843262 161
1740449332555 0.5115410089492798 162
1740449332657 0.5182228088378906 163
1740449332773 0.4990241229534149 164
1740449332876 0.5094761252403259 165
1740449332989 0.49862435460090637 166
1740449333091 0.5060938000679016 167
1740449333207 0.5110656023025513 168
1740449333306 0.5103282928466797 169
1740449333421 0.5071164965629578 170
1740449333534 0.4927368462085724 171
1740449333645 0.5014859437942505 172
1740449333760 0.510623574256897 173
1740449333857 0.5061003565788269 174
1740449333975 0.5121299624443054 175
1740449334088 0.5033175349235535 176
1740449334220 0.5058730840682983 177
1740449334336 0.514079749584198 178
1740449334454 0.5202798843383789 179
1740449334573 0.5059109330177307 180
1740449334703 0.5145177841186523 181
1740449334821 0.5048856735229492 182
1740449334924 0.5048394799232483 183
1740449335025 0.5084080696105957 184
1740449335142 0.5004242062568665 185
1740449335240 0.5209688544273376 186
1740449335357 0.509804368019104 187
1740449335457 0.5179007649421692 188
1740449335573 0.5038108825683594 189
1740449335674 0.4981866180896759 190
1740449335807 0.5132086277008057 191
1740449335906 0.5079767107963562 192
1740449336027 0.5069770216941833 193
1740449336143 0.4959186315536499 194
1740449336257 0.5093725323677063 195
1740449336360 0.4909234046936035 196
1740449336489 0.5066837072372437 197
1740449336603 0.5092796683311462 198
1740449336719 0.5163687467575073 199
