1740457314311 0.6385372877120972 0
1740457314445 0.6596342921257019 1
1740457314564 0.6891701817512512 2
1740457314696 0.6962025165557861 3
1740457314812 0.6863572597503662 4
1740457314921 0.7116736769676208 5
1740457315051 0.7229254841804504 6
1740457315177 0.75527423620224 7
1740457315282 0.7637130618095398 8
1740457315377 0.7834036350250244 9
1740457315492 0.7819972038269043 10
1740457315596 0.7693389654159546 11
1740457315712 0.794655442237854 12
1740457315811 0.8115330338478088 13
1740457315913 0.8073136210441589 14
1740457316026 0.8157524466514587 15
1740457316132 0.7960618734359741 16
1740457316232 0.7960618734359741 17
1740457316348 0.8059071898460388 18
1740457316454 0.7932489514350891 19
1740457316579 0.7862166166305542 20
1740457316699 0.7763713002204895 21
1740457316811 0.794655442237854 22
1740457316916 0.7904360294342041 23
1740457317034 0.8129395246505737 24
1740457317135 0.797468364238739 25
1740457317258 0.8016877770423889 26
1740457317373 0.8115330338478088 27
1740457317498 0.7932489514350891 28
1740457317612 0.8157524466514587 29
1740457317717 0.8171589374542236 30
1740457317834 0.8045006990432739 31
1740457317930 0.800281286239624 32
1740457318045 0.8199718594551086 33
1740457318152 0.8171589374542236 34
1740457318243 0.8213783502578735 35
1740457318368 0.7918424606323242 36
1740457318464 0.800281286239624 37
1740457318576 0.8129395246505737 38
1740457318681 0.8059071898460388 39
1740457318797 0.8157524466514587 40
1740457318896 0.8157524466514587 41
1740457319006 0.8059071898460388 42
1740457319115 0.8143460154533386 43
1740457319215 0.8129395246505737 44
1740457319313 0.8115330338478088 45
1740457319430 0.8255977630615234 46
1740457319534 0.8143460154533386 47
1740457319632 0.8213783502578735 48
1740457319747 0.8199718594551086 49
1740457319865 0.8227847814559937 50
1740457319974 0.8227847814559937 51
1740457320080 0.8284106850624084 52
1740457320197 0.8284106850624084 53
1740457320313 0.8129395246505737 54
1740457320429 0.8185654282569885 55
1740457320543 0.8115330338478088 56
1740457320680 0.8255977630615234 57
1740457320800 0.8270041942596436 58
1740457320919 0.8298171758651733 59
1740457321030 0.8213783502578735 60
1740457321142 0.8326300978660583 61
1740457321246 0.8382560014724731 62
1740457321364 0.8481012582778931 63
1740457321463 0.8284106850624084 64
1740457321577 0.8396624326705933 65
1740457321680 0.8298171758651733 66
1740457321790 0.8298171758651733 67
1740457321898 0.8368495106697083 68
1740457322012 0.8171589374542236 69
1740457322114 0.8270041942596436 70
1740457322230 0.8368495106697083 71
1740457322339 0.8298171758651733 72
1740457322445 0.8340365886688232 73
1740457322554 0.8227847814559937 74
1740457322660 0.8438818454742432 75
1740457322763 0.8129395246505737 76
1740457322860 0.8255977630615234 77
1740457322977 0.8298171758651733 78
1740457323084 0.849507749080658 79
1740457323197 0.8298171758651733 80
1740457323301 0.8312236070632935 81
1740457323414 0.8255977630615234 82
1740457323530 0.8298171758651733 83
1740457323643 0.8270041942596436 84
1740457323763 0.8270041942596436 85
1740457323872 0.8199718594551086 86
1740457323980 0.8340365886688232 87
1740457324096 0.8340365886688232 88
1740457324220 0.8326300978660583 89
1740457324350 0.8213783502578735 90
1740457324463 0.8354430198669434 91
1740457324566 0.8255977630615234 92
1740457324662 0.8368495106697083 93
1740457324780 0.8312236070632935 94
1740457324891 0.8255977630615234 95
1740457324999 0.8410689234733582 96
1740457325109 0.8340365886688232 97
1740457325214 0.8255977630615234 98
1740457325313 0.8255977630615234 99
1740457325415 0.8241912722587585 100
1740457325530 0.8340365886688232 101
1740457325647 0.8326300978660583 102
1740457325749 0.8368495106697083 103
1740457325853 0.8227847814559937 104
1740457325959 0.8340365886688232 105
1740457326083 0.8312236070632935 106
1740457326202 0.8270041942596436 107
1740457326327 0.8354430198669434 108
1740457326439 0.8354430198669434 109
1740457326566 0.8241912722587585 110
1740457326660 0.8199718594551086 111
1740457326783 0.8101266026496887 112
1740457326888 0.8171589374542236 113
1740457326992 0.8312236070632935 114
1740457327097 0.8129395246505737 115
1740457327193 0.8171589374542236 116
1740457327343 0.8270041942596436 117
1740457327451 0.8270041942596436 118
1740457327565 0.8073136210441589 119
1740457327677 0.794655442237854 120
1740457327782 0.8016877770423889 121
1740457327883 0.800281286239624 122
1740457327996 0.8326300978660583 123
1740457328102 0.8326300978660583 124
1740457328199 0.8171589374542236 125
1740457328312 0.8227847814559937 126
1740457328414 0.8396624326705933 127
1740457328514 0.8368495106697083 128
1740457328626 0.8059071898460388 129
1740457328731 0.8185654282569885 130
1740457328834 0.8199718594551086 131
1740457328945 0.8326300978660583 132
1740457329056 0.8312236070632935 133
1740457329166 0.7679324746131897 134
1740457329264 0.6736990213394165 135
1740457329383 0.697609007358551 136
1740457329482 0.7355836629867554 137
1740457329580 0.7651195526123047 138
1740457329691 0.7426160573959351 139
1740457329795 0.794655442237854 140
1740457329946 0.800281286239624 141
1740457330047 0.7805907130241394 142
1740457330166 0.794655442237854 143
1740457330276 0.7876230478286743 144
1740457330397 0.8129395246505737 145
1740457330509 0.8255977630615234 146
1740457330612 0.8157524466514587 147
1740457330717 0.7988747954368591 148
1740457330812 0.8101266026496887 149
1740457330916 0.7890295386314392 150
