1740457314311 0.539890706539154 0
1740457314445 0.552497386932373 1
1740457314564 0.5480571985244751 2
1740457314696 0.5515831708908081 3
1740457314812 0.552497386932373 4
1740457314921 0.5510203242301941 5
1740457315051 0.5489795804023743 6
1740457315177 0.5504586100578308 7
1740457315282 0.5536261200904846 8
1740457315377 0.5530611872673035 9
1740457315492 0.550102174282074 10
1740457315596 0.5515831708908081 11
1740457315712 0.5527123212814331 12
1740457315811 0.5530611872673035 13
1740457315913 0.5541921854019165 14
1740457316026 0.5547593832015991 15
1740457316132 0.5512294769287109 16
1740457316232 0.5581873655319214 17
1740457316348 0.554414689540863 18
1740457316454 0.555327832698822 19
1740457316579 0.5570400357246399 20
1740457316699 0.555327832698822 21
1740457316811 0.5541921854019165 22
1740457316916 0.5519347786903381 23
1740457317034 0.5530611872673035 24
1740457317135 0.5558973550796509 25
1740457317258 0.55646812915802 26
1740457317373 0.55646812915802 27
1740457317498 0.555555522441864 28
1740457317612 0.5530611872673035 29
1740457317717 0.5536261200904846 30
1740457317834 0.5547593832015991 31
1740457317930 0.55646812915802 32
1740457318045 0.5599172711372375 33
1740457318152 0.5604963302612305 34
1740457318243 0.554414689540863 35
1740457318368 0.5601659417152405 36
1740457318464 0.5587628483772278 37
1740457318576 0.5536261200904846 38
1740457318681 0.5519347786903381 39
1740457318797 0.552497386932373 40
1740457318896 0.5519347786903381 41
1740457319006 0.5530611872673035 42
1740457319115 0.5558973550796509 43
1740457319215 0.5570400357246399 44
1740457319313 0.5581873655319214 45
1740457319430 0.55646812915802 46
1740457319534 0.5558973550796509 47
1740457319632 0.5547593832015991 48
1740457319747 0.555327832698822 49
1740457319865 0.5547593832015991 50
1740457319974 0.5584281086921692 51
1740457320080 0.5547593832015991 52
1740457320197 0.5536261200904846 53
1740457320313 0.5519347786903381 54
1740457320429 0.5530611872673035 55
1740457320543 0.5519347786903381 56
1740457320680 0.5530611872673035 57
1740457320800 0.5530611872673035 58
1740457320919 0.552497386932373 59
1740457321030 0.5530611872673035 60
1740457321142 0.5530611872673035 61
1740457321246 0.5536261200904846 62
1740457321364 0.555327832698822 63
1740457321463 0.5547593832015991 64
1740457321577 0.5536261200904846 65
1740457321680 0.5530611872673035 66
1740457321790 0.5536261200904846 67
1740457321898 0.5541921854019165 68
1740457322012 0.5558973550796509 69
1740457322114 0.5547593832015991 70
1740457322230 0.55646812915802 71
1740457322339 0.5547593832015991 72
1740457322445 0.5552115440368652 73
1740457322554 0.5587628483772278 74
1740457322660 0.555327832698822 75
1740457322763 0.5536261200904846 76
1740457322860 0.5547593832015991 77
1740457322977 0.5536261200904846 78
1740457323084 0.5541921854019165 79
1740457323197 0.5547593832015991 80
1740457323301 0.55646812915802 81
1740457323414 0.5570400357246399 82
1740457323530 0.5547593832015991 83
1740457323643 0.5541921854019165 84
1740457323763 0.5541921854019165 85
1740457323872 0.5547593832015991 86
1740457323980 0.55646812915802 87
1740457324096 0.5558973550796509 88
1740457324220 0.5572755336761475 89
1740457324350 0.5607476234436035 90
1740457324463 0.5610765218734741 91
1740457324566 0.5576130747795105 92
1740457324662 0.5581873655319214 93
1740457324780 0.5610765218734741 94
1740457324891 0.55646812915802 95
1740457324999 0.5530611872673035 96
1740457325109 0.5587628483772278 97
1740457325214 0.5558973550796509 98
1740457325313 0.5581873655319214 99
1740457325415 0.55646812915802 100
1740457325530 0.55646812915802 101
1740457325647 0.5541921854019165 102
1740457325749 0.5547593832015991 103
1740457325853 0.5541921854019165 104
1740457325959 0.5536261200904846 105
1740457326083 0.55646812915802 106
1740457326202 0.5558973550796509 107
1740457326327 0.5536261200904846 108
1740457326439 0.5541921854019165 109
1740457326566 0.5541921854019165 110
1740457326660 0.5576130747795105 111
1740457326783 0.55646812915802 112
1740457326888 0.552497386932373 113
1740457326992 0.5519347786903381 114
1740457327097 0.552497386932373 115
1740457327193 0.5558973550796509 116
1740457327343 0.555327832698822 117
1740457327451 0.5530611872673035 118
1740457327565 0.5530611872673035 119
1740457327677 0.552497386932373 120
1740457327782 0.552497386932373 121
1740457327883 0.5519347786903381 122
1740457327996 0.552497386932373 123
1740457328102 0.552497386932373 124
1740457328199 0.5536261200904846 125
1740457328312 0.5530611872673035 126
1740457328414 0.5541921854019165 127
1740457328514 0.5547593832015991 128
1740457328626 0.5521471500396729 129
1740457328731 0.552497386932373 130
1740457328834 0.5519347786903381 131
1740457328945 0.5519347786903381 132
1740457329056 0.5519347786903381 133
1740457329166 0.5536261200904846 134
1740457329264 0.5530611872673035 135
1740457329383 0.5519347786903381 136
1740457329482 0.5519347786903381 137
1740457329580 0.5519347786903381 138
1740457329691 0.5519347786903381 139
1740457329795 0.5519347786903381 140
1740457329946 0.5519347786903381 141
1740457330047 0.5519347786903381 142
1740457330166 0.5519347786903381 143
1740457330276 0.5519347786903381 144
1740457330397 0.5519347786903381 145
1740457330509 0.5519347786903381 146
1740457330612 0.5519347786903381 147
1740457330717 0.5519347786903381 148
1740457330812 0.5519347786903381 149
1740457330916 0.5519347786903381 150
