1740457314311 4.589210033416748 0
1740457314445 3.9838035106658936 1
1740457314564 3.7712595462799072 2
1740457314696 3.591219425201416 3
1740457314812 3.4089372158050537 4
1740457314921 3.3077456951141357 5
1740457315051 3.165174961090088 6
1740457315177 3.031061887741089 7
1740457315282 2.9184443950653076 8
1740457315377 2.798084020614624 9
1740457315492 2.8390326499938965 10
1740457315596 2.657463788986206 11
1740457315712 2.567211389541626 12
1740457315811 2.4742000102996826 13
1740457315913 2.427753448486328 14
1740457316026 2.33670973777771 15
1740457316132 2.410904884338379 16
1740457316232 2.23807954788208 17
1740457316348 2.1958820819854736 18
1740457316454 2.158266544342041 19
1740457316579 2.1035144329071045 20
1740457316699 2.03602933883667 21
1740457316811 2.0101659297943115 22
1740457316916 1.987553596496582 23
1740457317034 1.9025731086730957 24
1740457317135 1.9056490659713745 25
1740457317258 1.8564550876617432 26
1740457317373 1.828955054283142 27
1740457317498 1.8092517852783203 28
1740457317612 1.7477699518203735 29
1740457317717 1.7538588047027588 30
1740457317834 1.7426180839538574 31
1740457317930 1.7447654008865356 32
1740457318045 1.721001386642456 33
1740457318152 1.7198930978775024 34
1740457318243 1.6292928457260132 35
1740457318368 1.6392678022384644 36
1740457318464 1.6303764581680298 37
1740457318576 1.6056076288223267 38
1740457318681 1.6218483448028564 39
1740457318797 1.575123906135559 40
1740457318896 1.5640681982040405 41
1740457319006 1.5331251621246338 42
1740457319115 1.5233653783798218 43
1740457319215 1.4903661012649536 44
1740457319313 1.5345509052276611 45
1740457319430 1.529223918914795 46
1740457319534 1.5233625173568726 47
1740457319632 1.4676252603530884 48
1740457319747 1.4442373514175415 49
1740457319865 1.4365065097808838 50
1740457319974 1.4107048511505127 51
1740457320080 1.4064719676971436 52
1740457320197 1.4443484544754028 53
1740457320313 1.4452236890792847 54
1740457320429 1.3817204236984253 55
1740457320543 1.39966881275177 56
1740457320680 1.4115833044052124 57
1740457320800 1.352590799331665 58
1740457320919 1.3615827560424805 59
1740457321030 1.36518394947052 60
1740457321142 1.3646091222763062 61
1740457321246 1.3330754041671753 62
1740457321364 1.3284035921096802 63
1740457321463 1.3261244297027588 64
1740457321577 1.3313153982162476 65
1740457321680 1.3138763904571533 66
1740457321790 1.343148112297058 67
1740457321898 1.3320530652999878 68
1740457322012 1.341268539428711 69
1740457322114 1.2498019933700562 70
1740457322230 1.2575688362121582 71
1740457322339 1.2582470178604126 72
1740457322445 1.335275411605835 73
1740457322554 1.2529783248901367 74
1740457322660 1.2359217405319214 75
1740457322763 1.2393039464950562 76
1740457322860 1.2759560346603394 77
1740457322977 1.238207221031189 78
1740457323084 1.2468968629837036 79
1740457323197 1.2692813873291016 80
1740457323301 1.2184051275253296 81
1740457323414 1.1889801025390625 82
1740457323530 1.1997421979904175 83
1740457323643 1.217402458190918 84
1740457323763 1.2017475366592407 85
1740457323872 1.1863938570022583 86
1740457323980 1.1647133827209473 87
1740457324096 1.1679664850234985 88
1740457324220 1.1954169273376465 89
1740457324350 1.2181578874588013 90
1740457324463 1.1704837083816528 91
1740457324566 1.1312896013259888 92
1740457324662 1.2040796279907227 93
1740457324780 1.1209242343902588 94
1740457324891 1.1604385375976562 95
1740457324999 1.155859112739563 96
1740457325109 1.1281304359436035 97
1740457325214 1.1721689701080322 98
1740457325313 1.1189576387405396 99
1740457325415 1.1616153717041016 100
1740457325530 1.1436482667922974 101
1740457325647 1.131492018699646 102
1740457325749 1.1143466234207153 103
1740457325853 1.1388105154037476 104
1740457325959 1.142050862312317 105
1740457326083 1.1019537448883057 106
1740457326202 1.0887691974639893 107
1740457326327 1.1075137853622437 108
1740457326439 1.0922552347183228 109
1740457326566 1.1387689113616943 110
1740457326660 1.0950572490692139 111
1740457326783 1.0959446430206299 112
1740457326888 1.0867466926574707 113
1740457326992 1.0911086797714233 114
1740457327097 1.1025596857070923 115
1740457327193 1.0839232206344604 116
1740457327343 1.0595499277114868 117
1740457327451 1.0880705118179321 118
1740457327565 1.074540138244629 119
1740457327677 1.0741790533065796 120
1740457327782 1.0900686979293823 121
1740457327883 1.073184847831726 122
1740457327996 1.0888757705688477 123
1740457328102 1.0907453298568726 124
1740457328199 1.0561034679412842 125
1740457328312 1.0409258604049683 126
1740457328414 1.0414535999298096 127
1740457328514 1.039570927619934 128
1740457328626 1.0807279348373413 129
1740457328731 1.0364866256713867 130
1740457328834 1.0126101970672607 131
1740457328945 1.0141152143478394 132
1740457329056 1.0074447393417358 133
1740457329166 1.121904730796814 134
1740457329264 1.2572141885757446 135
1740457329383 1.185302972793579 136
1740457329482 1.1262147426605225 137
1740457329580 1.136154294013977 138
1740457329691 1.1601594686508179 139
1740457329795 1.1008107662200928 140
1740457329946 1.0690919160842896 141
1740457330047 1.0437419414520264 142
1740457330166 1.0257606506347656 143
1740457330276 1.0416996479034424 144
1740457330397 1.0242106914520264 145
1740457330509 1.006284236907959 146
1740457330612 0.9864501953125 147
1740457330717 1.013554334640503 148
1740457330812 1.0195302963256836 149
1740457330916 1.0251983404159546 150
