1740456748979 0.47538676857948303 0
1740456749128 0.6694796085357666 1
1740456749235 0.7060478329658508 2
1740456749345 0.7201125025749207 3
1740456749478 0.7229254841804504 4
1740456749602 0.7651195526123047 5
1740456749699 0.7594936490058899 6
1740456749819 0.7848101258277893 7
1740456749924 0.7805907130241394 8
1740456750012 0.8016877770423889 9
1740456750127 0.8045006990432739 10
1740456750228 0.797468364238739 11
1740456750331 0.8059071898460388 12
1740456750436 0.7932489514350891 13
1740456750528 0.794655442237854 14
1740456750646 0.8073136210441589 15
1740456750750 0.8129395246505737 16
1740456750847 0.8101266026496887 17
1740456750965 0.8101266026496887 18
1740456751077 0.8059071898460388 19
1740456751181 0.8157524466514587 20
1740456751284 0.8115330338478088 21
1740456751382 0.8129395246505737 22
1740456751498 0.8073136210441589 23
1740456751607 0.8199718594551086 24
1740456751712 0.8087201118469238 25
1740456751815 0.8199718594551086 26
1740456751916 0.8143460154533386 27
1740456752011 0.8270041942596436 28
1740456752133 0.8171589374542236 29
1740456752243 0.8129395246505737 30
1740456752347 0.8199718594551086 31
1740456752445 0.8171589374542236 32
1740456752543 0.8087201118469238 33
1740456752641 0.8227847814559937 34
1740456752727 0.8101266026496887 35
1740456752839 0.8199718594551086 36
1740456752946 0.8157524466514587 37
1740456753051 0.8101266026496887 38
1740456753161 0.8087201118469238 39
1740456753296 0.8185654282569885 40
1740456753416 0.8270041942596436 41
1740456753522 0.8143460154533386 42
1740456753623 0.8157524466514587 43
1740456753748 0.8115330338478088 44
1740456753847 0.8171589374542236 45
1740456753956 0.8101266026496887 46
1740456754058 0.8129395246505737 47
1740456754164 0.8312236070632935 48
1740456754260 0.8227847814559937 49
1740456754367 0.8171589374542236 50
1740456754460 0.8171589374542236 51
1740456754576 0.8185654282569885 52
1740456754677 0.8284106850624084 53
1740456754777 0.8199718594551086 54
