1740456748979 0.5519347786903381 0
1740456749128 0.5519347786903381 1
1740456749235 0.5519347786903381 2
1740456749345 0.5519347786903381 3
1740456749478 0.5519347786903381 4
1740456749602 0.5519347786903381 5
1740456749699 0.5519347786903381 6
1740456749819 0.5519347786903381 7
1740456749924 0.5519347786903381 8
1740456750012 0.5519347786903381 9
1740456750127 0.5519347786903381 10
1740456750228 0.5519347786903381 11
1740456750331 0.5519347786903381 12
1740456750436 0.5519347786903381 13
1740456750528 0.5519347786903381 14
1740456750646 0.5519347786903381 15
1740456750750 0.5519347786903381 16
1740456750847 0.5519347786903381 17
1740456750965 0.5519347786903381 18
1740456751077 0.5519347786903381 19
1740456751181 0.5519347786903381 20
1740456751284 0.5519347786903381 21
1740456751382 0.5519347786903381 22
1740456751498 0.5519347786903381 23
1740456751607 0.5519347786903381 24
1740456751712 0.5519347786903381 25
1740456751815 0.5519347786903381 26
1740456751916 0.5519347786903381 27
1740456752011 0.5519347786903381 28
1740456752133 0.5519347786903381 29
1740456752243 0.5519347786903381 30
1740456752347 0.5519347786903381 31
1740456752445 0.5519347786903381 32
1740456752543 0.5519347786903381 33
1740456752641 0.5519347786903381 34
1740456752727 0.5519347786903381 35
1740456752839 0.5519347786903381 36
1740456752946 0.5519347786903381 37
1740456753051 0.5519347786903381 38
1740456753161 0.5519347786903381 39
1740456753296 0.5519347786903381 40
1740456753416 0.5519347786903381 41
1740456753522 0.5519347786903381 42
1740456753623 0.5519347786903381 43
1740456753748 0.5519347786903381 44
1740456753847 0.5519347786903381 45
1740456753956 0.5519347786903381 46
1740456754058 0.5519347786903381 47
1740456754164 0.5519347786903381 48
1740456754260 0.5519347786903381 49
1740456754367 0.5519347786903381 50
1740456754460 0.5519347786903381 51
1740456754576 0.5519347786903381 52
1740456754677 0.5519347786903381 53
1740456754777 0.5519347786903381 54
