1740456748979 3.8794426918029785 0
1740456749128 3.623687267303467 1
1740456749235 3.38992977142334 2
1740456749345 3.16959285736084 3
1740456749478 2.9626994132995605 4
1740456749602 2.763277053833008 5
1740456749699 2.5829553604125977 6
1740456749819 2.409135103225708 7
1740456749924 2.2494077682495117 8
1740456750012 2.0836005210876465 9
1740456750127 1.9453837871551514 10
1740456750228 1.8278542757034302 11
1740456750331 1.693393588066101 12
1740456750436 1.6009666919708252 13
1740456750528 1.52065908908844 14
1740456750646 1.4223288297653198 15
1740456750750 1.354156732559204 16
1740456750847 1.286446213722229 17
1740456750965 1.206102967262268 18
1740456751077 1.1463661193847656 19
1740456751181 1.1051578521728516 20
1740456751284 1.048662543296814 21
1740456751382 0.9792404770851135 22
1740456751498 0.9822756052017212 23
1740456751607 0.9201791286468506 24
1740456751712 0.9033288955688477 25
1740456751815 0.8634272813796997 26
1740456751916 0.8433700799942017 27
1740456752011 0.8135690093040466 28
1740456752133 0.7879021167755127 29
1740456752243 0.7648106813430786 30
1740456752347 0.7498668432235718 31
1740456752445 0.7260335087776184 32
1740456752543 0.7036001086235046 33
1740456752641 0.6849941611289978 34
1740456752727 0.6905856132507324 35
1740456752839 0.664153516292572 36
1740456752946 0.6623917818069458 37
1740456753051 0.6474607586860657 38
1740456753161 0.6530112028121948 39
1740456753296 0.6206268668174744 40
1740456753416 0.6163102388381958 41
1740456753522 0.6152803301811218 42
1740456753623 0.6168820858001709 43
1740456753748 0.5969694256782532 44
1740456753847 0.595985472202301 45
1740456753956 0.5913985371589661 46
1740456754058 0.5997077822685242 47
1740456754164 0.5710039138793945 48
1740456754260 0.5719290971755981 49
1740456754367 0.5605366826057434 50
1740456754460 0.5669584274291992 51
1740456754576 0.5701007843017578 52
1740456754677 0.5536883473396301 53
1740456754777 0.5627265572547913 54
