1740466920355 0.5625879168510437 0
1740466920505 0.6441631317138672 1
1740466920622 0.6300984621047974 2
1740466920738 0.6371307969093323 3
1740466920850 0.6202531456947327 4
1740466920955 0.6216596364974976 5
1740466921088 0.6300984621047974 6
1740466921188 0.6315048933029175 7
1740466921305 0.6357243061065674 8
1740466921437 0.6441631317138672 9
1740466921555 0.655414879322052 10
1740466921671 0.7018284201622009 11
1740466921787 0.7454289793968201 12
1740466921888 0.7876230478286743 13
1740466922005 0.7890295386314392 14
1740466922122 0.794655442237854 15
1740466922238 0.7988747954368591 16
1740466922355 0.8016877770423889 17
1740466922471 0.794655442237854 18
1740466922605 0.8045006990432739 19
1740466922705 0.7988747954368591 20
1740466922821 0.803094208240509 21
1740466922938 0.8213783502578735 22
1740466923055 0.8157524466514587 23
1740466923171 0.8157524466514587 24
1740466923288 0.8171589374542236 25
1740466923403 0.8255977630615234 26
1740466923505 0.8270041942596436 27
1740466923621 0.8199718594551086 28
1740466923738 0.8241912722587585 29
1740466923853 0.8213783502578735 30
1740466923955 0.8298171758651733 31
1740466924071 0.8241912722587585 32
1740466924188 0.8298171758651733 33
1740466924315 0.8115330338478088 34
1740466924438 0.8255977630615234 35
1740466924553 0.8255977630615234 36
1740466924667 0.8340365886688232 37
1740466924779 0.8354430198669434 38
1740466924898 0.8312236070632935 39
1740466925000 0.8255977630615234 40
1740466925127 0.8199718594551086 41
1740466925238 0.8213783502578735 42
1740466925365 0.8227847814559937 43
1740466925476 0.8284106850624084 44
1740466925587 0.8312236070632935 45
1740466925699 0.8255977630615234 46
1740466925826 0.8340365886688232 47
1740466925937 0.8284106850624084 48
1740466926048 0.8241912722587585 49
1740466926159 0.8199718594551086 50
1740466926286 0.8326300978660583 51
1740466926398 0.8284106850624084 52
1740466926509 0.8382560014724731 53
1740466926620 0.8396624326705933 54
1740466926732 0.8438818454742432 55
1740466926858 0.8213783502578735 56
1740466926969 0.8340365886688232 57
1740466927080 0.8382560014724731 58
1740466927191 0.8354430198669434 59
1740466927317 0.8340365886688232 60
1740466927428 0.8255977630615234 61
1740466927539 0.842475414276123 62
1740466927651 0.8382560014724731 63
1740466927761 0.8396624326705933 64
1740466927888 0.8382560014724731 65
1740466928000 0.8396624326705933 66
1740466928111 0.8354430198669434 67
1740466928222 0.8255977630615234 68
1740466928333 0.8368495106697083 69
1740466928445 0.8255977630615234 70
1740466928572 0.8326300978660583 71
1740466928699 0.8396624326705933 72
1740466928810 0.8298171758651733 73
1740466928921 0.8298171758651733 74
1740466929033 0.8255977630615234 75
1740466929144 0.8354430198669434 76
1740466929255 0.8354430198669434 77
1740466929383 0.8312236070632935 78
1740466929494 0.8438818454742432 79
1740466929605 0.8410689234733582 80
1740466929733 0.8438818454742432 81
1740466929844 0.8255977630615234 82
1740466929955 0.8270041942596436 83
1740466930081 0.8312236070632935 84
1740466930193 0.8298171758651733 85
1740466930304 0.8255977630615234 86
1740466930430 0.8312236070632935 87
1740466930541 0.8410689234733582 88
1740466930669 0.8255977630615234 89
1740466930780 0.8298171758651733 90
1740466930891 0.8270041942596436 91
1740466931018 0.8382560014724731 92
1740466931129 0.849507749080658 93
1740466931257 0.8284106850624084 94
1740466931369 0.8255977630615234 95
1740466931481 0.8410689234733582 96
1740466931608 0.8340365886688232 97
1740466931735 0.8241912722587585 98
1740466931847 0.8354430198669434 99
1740466931973 0.8255977630615234 100
1740466932089 0.8382560014724731 101
1740466932212 0.8368495106697083 102
1740466932339 0.8396624326705933 103
1740466932450 0.8213783502578735 104
1740466932561 0.8340365886688232 105
1740466932689 0.8312236070632935 106
1740466932801 0.8452883362770081 107
1740466932928 0.8227847814559937 108
1740466933040 0.8396624326705933 109
1740466933151 0.8396624326705933 110
1740466933279 0.8340365886688232 111
1740466933390 0.8312236070632935 112
1740466933518 0.8284106850624084 113
1740466933630 0.8410689234733582 114
1740466933756 0.8241912722587585 115
1740466933883 0.849507749080658 116
1740466933995 0.8326300978660583 117
1740466934106 0.8396624326705933 118
1740466934233 0.8312236070632935 119
1740466934345 0.8410689234733582 120
1740466934472 0.8284106850624084 121
1740466934582 0.8396624326705933 122
1740466934725 0.8466947674751282 123
