1740466920355 0.5519347786903381 0
1740466920505 0.5519347786903381 1
1740466920622 0.5519347786903381 2
1740466920738 0.5519347786903381 3
1740466920850 0.5519347786903381 4
1740466920955 0.5519347786903381 5
1740466921088 0.5519347786903381 6
1740466921188 0.5519347786903381 7
1740466921305 0.5519347786903381 8
1740466921437 0.5519347786903381 9
1740466921555 0.5519347786903381 10
1740466921671 0.5519347786903381 11
1740466921787 0.5519347786903381 12
1740466921888 0.5519347786903381 13
1740466922005 0.5519347786903381 14
1740466922122 0.5519347786903381 15
1740466922238 0.5519347786903381 16
1740466922355 0.5519347786903381 17
1740466922471 0.5519347786903381 18
1740466922605 0.5519347786903381 19
1740466922705 0.5519347786903381 20
1740466922821 0.5519347786903381 21
1740466922938 0.5519347786903381 22
1740466923055 0.5519347786903381 23
1740466923171 0.5519347786903381 24
1740466923288 0.5519347786903381 25
1740466923403 0.5519347786903381 26
1740466923505 0.5519347786903381 27
1740466923621 0.5519347786903381 28
1740466923738 0.5519347786903381 29
1740466923853 0.5519347786903381 30
1740466923955 0.5519347786903381 31
1740466924071 0.5519347786903381 32
1740466924188 0.5519347786903381 33
1740466924315 0.5519347786903381 34
1740466924438 0.5519347786903381 35
1740466924553 0.5519347786903381 36
1740466924667 0.5519347786903381 37
1740466924779 0.5519347786903381 38
1740466924898 0.5519347786903381 39
1740466925000 0.5519347786903381 40
1740466925127 0.5519347786903381 41
1740466925238 0.5519347786903381 42
1740466925365 0.5519347786903381 43
1740466925476 0.5519347786903381 44
1740466925587 0.5519347786903381 45
1740466925699 0.5519347786903381 46
1740466925826 0.5519347786903381 47
1740466925937 0.5519347786903381 48
1740466926048 0.5519347786903381 49
1740466926159 0.5519347786903381 50
1740466926286 0.5519347786903381 51
1740466926398 0.5519347786903381 52
1740466926509 0.5519347786903381 53
1740466926620 0.5519347786903381 54
1740466926732 0.5519347786903381 55
1740466926858 0.5519347786903381 56
1740466926969 0.5519347786903381 57
1740466927080 0.5519347786903381 58
1740466927191 0.5519347786903381 59
1740466927317 0.5519347786903381 60
1740466927428 0.5519347786903381 61
1740466927539 0.5519347786903381 62
1740466927651 0.5519347786903381 63
1740466927761 0.5519347786903381 64
1740466927888 0.5519347786903381 65
1740466928000 0.5519347786903381 66
1740466928111 0.5519347786903381 67
1740466928222 0.5519347786903381 68
1740466928333 0.5519347786903381 69
1740466928445 0.5519347786903381 70
1740466928572 0.5519347786903381 71
1740466928699 0.5519347786903381 72
1740466928810 0.5519347786903381 73
1740466928921 0.5519347786903381 74
1740466929033 0.5519347786903381 75
1740466929144 0.5519347786903381 76
1740466929255 0.5519347786903381 77
1740466929383 0.5519347786903381 78
1740466929494 0.5519347786903381 79
1740466929605 0.5519347786903381 80
1740466929733 0.5519347786903381 81
1740466929844 0.5519347786903381 82
1740466929955 0.5519347786903381 83
1740466930081 0.5519347786903381 84
1740466930193 0.5519347786903381 85
1740466930304 0.5519347786903381 86
1740466930430 0.5519347786903381 87
1740466930541 0.5519347786903381 88
1740466930669 0.5519347786903381 89
1740466930780 0.5519347786903381 90
1740466930891 0.5519347786903381 91
1740466931018 0.5519347786903381 92
1740466931129 0.5519347786903381 93
1740466931257 0.5519347786903381 94
1740466931369 0.5519347786903381 95
1740466931481 0.5519347786903381 96
1740466931608 0.5519347786903381 97
1740466931735 0.5519347786903381 98
1740466931847 0.5519347786903381 99
1740466931973 0.5519347786903381 100
1740466932089 0.5519347786903381 101
1740466932212 0.5519347786903381 102
1740466932339 0.5519347786903381 103
1740466932450 0.5519347786903381 104
1740466932561 0.5519347786903381 105
1740466932689 0.5519347786903381 106
1740466932801 0.5519347786903381 107
1740466932928 0.5519347786903381 108
1740466933040 0.5519347786903381 109
1740466933151 0.5519347786903381 110
1740466933279 0.5519347786903381 111
1740466933390 0.5519347786903381 112
1740466933518 0.5519347786903381 113
1740466933630 0.5519347786903381 114
1740466933756 0.5519347786903381 115
1740466933883 0.5519347786903381 116
1740466933995 0.5519347786903381 117
1740466934106 0.5519347786903381 118
1740466934233 0.5519347786903381 119
1740466934345 0.5519347786903381 120
1740466934472 0.5519347786903381 121
1740466934582 0.5519347786903381 122
1740466934725 0.5519347786903381 123
