1740466920355 5.1792192459106445 0
1740466920505 4.81392765045166 1
1740466920622 4.476710319519043 2
1740466920738 4.156881809234619 3
1740466920850 3.8612935543060303 4
1740466920955 3.5860514640808105 5
1740466921088 3.333923578262329 6
1740466921188 3.1004624366760254 7
1740466921305 2.8845372200012207 8
1740466921437 2.6840391159057617 9
1740466921555 2.4967191219329834 10
1740466921671 2.3207499980926514 11
1740466921787 2.1570563316345215 12
1740466921888 1.9968855381011963 13
1740466922005 1.8713785409927368 14
1740466922122 1.7280915975570679 15
1740466922238 1.6256650686264038 16
1740466922355 1.5175707340240479 17
1740466922471 1.4289823770523071 18
1740466922605 1.3392446041107178 19
1740466922705 1.2733262777328491 20
1740466922821 1.2090486288070679 21
1740466922938 1.1414005756378174 22
1740466923055 1.088937520980835 23
1740466923171 1.0307999849319458 24
1740466923288 0.9891287684440613 25
1740466923403 0.944335401058197 26
1740466923505 0.8960434198379517 27
1740466923621 0.8909976482391357 28
1740466923738 0.8465420007705688 29
1740466923853 0.8147980570793152 30
1740466923955 0.7796644568443298 31
1740466924071 0.7705848217010498 32
1740466924188 0.7447999715805054 33
1740466924315 0.7273146510124207 34
1740466924438 0.725115180015564 35
1740466924553 0.6944868564605713 36
1740466924667 0.6835759878158569 37
1740466924779 0.673822820186615 38
1740466924898 0.6632564067840576 39
1740466925000 0.6478425860404968 40
1740466925127 0.6501012444496155 41
1740466925238 0.6469544768333435 42
1740466925365 0.6155576705932617 43
1740466925476 0.6118999719619751 44
1740466925587 0.6071916222572327 45
1740466925699 0.614942193031311 46
1740466925826 0.5864255428314209 47
1740466925937 0.59490966796875 48
1740466926048 0.590616762638092 49
1740466926159 0.5770462155342102 50
1740466926286 0.58437180519104 51
1740466926398 0.5698032975196838 52
1740466926509 0.5688149333000183 53
1740466926620 0.5696485638618469 54
1740466926732 0.5611733794212341 55
1740466926858 0.5844435691833496 56
1740466926969 0.552323579788208 57
1740466927080 0.549603283405304 58
1740466927191 0.5557838082313538 59
1740466927317 0.5511510372161865 60
1740466927428 0.5503417253494263 61
1740466927539 0.5536739230155945 62
1740466927651 0.5524075627326965 63
1740466927761 0.55763179063797 64
1740466927888 0.5368071794509888 65
1740466928000 0.5425138473510742 66
1740466928111 0.5668947100639343 67
1740466928222 0.557140052318573 68
1740466928333 0.5370666980743408 69
1740466928445 0.552301824092865 70
1740466928572 0.5496410131454468 71
1740466928699 0.539158284664154 72
1740466928810 0.5507957935333252 73
1740466928921 0.5510238409042358 74
1740466929033 0.5460980534553528 75
1740466929144 0.5456531643867493 76
1740466929255 0.5427466630935669 77
1740466929383 0.529028594493866 78
1740466929494 0.5482601523399353 79
1740466929605 0.5352598428726196 80
1740466929733 0.538295567035675 81
1740466929844 0.5495184659957886 82
1740466929955 0.5501631498336792 83
1740466930081 0.5460233688354492 84
1740466930193 0.5361552834510803 85
1740466930304 0.5405562520027161 86
1740466930430 0.5355852246284485 87
1740466930541 0.5236791372299194 88
1740466930669 0.5491631031036377 89
1740466930780 0.556380569934845 90
1740466930891 0.543635904788971 91
1740466931018 0.5410670042037964 92
1740466931129 0.5385697484016418 93
1740466931257 0.5331294536590576 94
1740466931369 0.544485867023468 95
1740466931481 0.5428282618522644 96
1740466931608 0.545512318611145 97
1740466931735 0.5435565114021301 98
1740466931847 0.5384408235549927 99
1740466931973 0.5323717594146729 100
1740466932089 0.5118399858474731 101
1740466932212 0.5329141020774841 102
1740466932339 0.5365909337997437 103
1740466932450 0.541416347026825 104
1740466932561 0.5258625745773315 105
1740466932689 0.5264281630516052 106
1740466932801 0.5236641764640808 107
1740466932928 0.5401228070259094 108
1740466933040 0.5323427319526672 109
1740466933151 0.5419595837593079 110
1740466933279 0.5118316411972046 111
1740466933390 0.5262603163719177 112
1740466933518 0.5372201800346375 113
1740466933630 0.5252821445465088 114
1740466933756 0.53780198097229 115
1740466933883 0.5146773457527161 116
1740466933995 0.5455758571624756 117
1740466934106 0.5240625739097595 118
1740466934233 0.5335181355476379 119
1740466934345 0.5278056263923645 120
1740466934472 0.5140091180801392 121
1740466934582 0.5180757641792297 122
1740466934725 0.5165338516235352 123
