1740455560861 0.552742600440979 0
1740455560992 0.6216596364974976 1
1740455561122 0.6357243061065674 2
1740455561236 0.6751055121421814 3
1740455561341 0.6483825445175171 4
1740455561442 0.6568213701248169 5
1740455561540 0.6919831037521362 6
1740455561623 0.7327707409858704 7
1740455561723 0.7538678050041199 8
1740455561841 0.7904360294342041 9
1740455561925 0.7932489514350891 10
1740455562040 0.7791842222213745 11
1740455562125 0.7890295386314392 12
1740455562245 0.8059071898460388 13
1740455562349 0.8016877770423889 14
1740455562469 0.8045006990432739 15
1740455562578 0.8129395246505737 16
1740455562692 0.8073136210441589 17
1740455562800 0.8213783502578735 18
1740455562901 0.8241912722587585 19
1740455563006 0.8087201118469238 20
1740455563107 0.8185654282569885 21
1740455563206 0.8354430198669434 22
1740455563311 0.8059071898460388 23
1740455563424 0.8185654282569885 24
1740455563534 0.8270041942596436 25
1740455563645 0.8241912722587585 26
1740455563760 0.8255977630615234 27
1740455563870 0.8298171758651733 28
1740455563975 0.8199718594551086 29
1740455564093 0.842475414276123 30
1740455564201 0.8241912722587585 31
1740455564331 0.8270041942596436 32
1740455564440 0.8382560014724731 33
1740455564546 0.8396624326705933 34
1740455564657 0.8213783502578735 35
1740455564765 0.8354430198669434 36
1740455564870 0.8340365886688232 37
1740455564972 0.8255977630615234 38
1740455565075 0.8368495106697083 39
1740455565176 0.8312236070632935 40
1740455565282 0.8396624326705933 41
1740455565393 0.8382560014724731 42
1740455565499 0.8382560014724731 43
1740455565611 0.8410689234733582 44
1740455565721 0.8481012582778931 45
1740455565834 0.8312236070632935 46
1740455565959 0.8368495106697083 47
1740455566078 0.8481012582778931 48
1740455566188 0.8326300978660583 49
1740455566303 0.8326300978660583 50
1740455566416 0.8213783502578735 51
1740455566522 0.8396624326705933 52
1740455566636 0.8481012582778931 53
1740455566744 0.8340365886688232 54
1740455566851 0.8438818454742432 55
1740455566960 0.8382560014724731 56
1740455567074 0.8452883362770081 57
1740455567193 0.8410689234733582 58
1740455567305 0.8452883362770081 59
1740455567407 0.849507749080658 60
1740455567514 0.842475414276123 61
