1740455560861 0.5519347786903381 0
1740455560992 0.5519347786903381 1
1740455561122 0.5519347786903381 2
1740455561236 0.5519347786903381 3
1740455561341 0.5519347786903381 4
1740455561442 0.5519347786903381 5
1740455561540 0.5519347786903381 6
1740455561623 0.5519347786903381 7
1740455561723 0.5519347786903381 8
1740455561841 0.5519347786903381 9
1740455561925 0.5519347786903381 10
1740455562040 0.5519347786903381 11
1740455562125 0.5519347786903381 12
1740455562245 0.5519347786903381 13
1740455562349 0.5519347786903381 14
1740455562469 0.5519347786903381 15
1740455562578 0.5519347786903381 16
1740455562692 0.5519347786903381 17
1740455562800 0.5519347786903381 18
1740455562901 0.5519347786903381 19
1740455563006 0.5519347786903381 20
1740455563107 0.5519347786903381 21
1740455563206 0.5519347786903381 22
1740455563311 0.5519347786903381 23
1740455563424 0.5519347786903381 24
1740455563534 0.5519347786903381 25
1740455563645 0.5519347786903381 26
1740455563760 0.5519347786903381 27
1740455563870 0.5519347786903381 28
1740455563975 0.5519347786903381 29
1740455564093 0.5519347786903381 30
1740455564201 0.5519347786903381 31
1740455564331 0.5519347786903381 32
1740455564440 0.5519347786903381 33
1740455564546 0.5519347786903381 34
1740455564657 0.5519347786903381 35
1740455564765 0.5519347786903381 36
1740455564870 0.5519347786903381 37
1740455564972 0.5519347786903381 38
1740455565075 0.5519347786903381 39
1740455565176 0.5519347786903381 40
1740455565282 0.5519347786903381 41
1740455565393 0.5519347786903381 42
1740455565499 0.5519347786903381 43
1740455565611 0.5519347786903381 44
1740455565721 0.5519347786903381 45
1740455565834 0.5519347786903381 46
1740455565959 0.5519347786903381 47
1740455566078 0.5519347786903381 48
1740455566188 0.5519347786903381 49
1740455566303 0.5519347786903381 50
1740455566416 0.5519347786903381 51
1740455566522 0.5519347786903381 52
1740455566636 0.5519347786903381 53
1740455566744 0.5519347786903381 54
1740455566851 0.5519347786903381 55
1740455566960 0.5519347786903381 56
1740455567074 0.5519347786903381 57
1740455567193 0.5519347786903381 58
1740455567305 0.5519347786903381 59
1740455567407 0.5519347786903381 60
1740455567514 0.5519347786903381 61
