1740455560861 3.947129249572754 0
1740455560992 3.69338059425354 1
1740455561122 3.4486472606658936 2
1740455561236 3.2223424911499023 3
1740455561341 3.002370595932007 4
1740455561442 2.8101446628570557 5
1740455561540 2.6202340126037598 6
1740455561623 2.43281888961792 7
1740455561723 2.285970687866211 8
1740455561841 2.1305034160614014 9
1740455561925 2.0061047077178955 10
1740455562040 1.876297116279602 11
1740455562125 1.7656221389770508 12
1740455562245 1.6577484607696533 13
1740455562349 1.5546573400497437 14
1740455562469 1.4877827167510986 15
1740455562578 1.3871878385543823 16
1740455562692 1.3236809968948364 17
1740455562800 1.2636677026748657 18
1740455562901 1.1997203826904297 19
1740455563006 1.1464247703552246 20
1740455563107 1.0718612670898438 21
1740455563206 1.01978600025177 22
1740455563311 1.0005221366882324 23
1740455563424 0.9663252234458923 24
1740455563534 0.9201322793960571 25
1740455563645 0.8931917548179626 26
1740455563760 0.8642548322677612 27
1740455563870 0.826232373714447 28
1740455563975 0.8200212121009827 29
1740455564093 0.7896623015403748 30
1740455564201 0.7663239240646362 31
1740455564331 0.7435021996498108 32
1740455564440 0.721540093421936 33
1740455564546 0.7073941826820374 34
1740455564657 0.704659640789032 35
1740455564765 0.6712932586669922 36
1740455564870 0.660812258720398 37
1740455564972 0.6504960656166077 38
1740455565075 0.6480710506439209 39
1740455565176 0.6247654557228088 40
1740455565282 0.6298204064369202 41
1740455565393 0.6238375902175903 42
1740455565499 0.621221125125885 43
1740455565611 0.5979896783828735 44
1740455565721 0.6012436151504517 45
1740455565834 0.5952385663986206 46
1740455565959 0.5959657430648804 47
1740455566078 0.5738306641578674 48
1740455566188 0.598806619644165 49
1740455566303 0.5661762952804565 50
1740455566416 0.5880207419395447 51
1740455566522 0.582840621471405 52
1740455566636 0.5608113408088684 53
1740455566744 0.5650908946990967 54
1740455566851 0.5596485733985901 55
1740455566960 0.5652052760124207 56
1740455567074 0.5596165657043457 57
1740455567193 0.5486697554588318 58
1740455567305 0.5649524331092834 59
1740455567407 0.5522894859313965 60
1740455567514 0.5425894260406494 61
