1740456975345 0.5864979028701782 0
1740456975464 0.6343178749084473 1
1740456975582 0.6160337328910828 2
1740456975692 0.6286919713020325 3
1740456975802 0.6455696225166321 4
1740456975913 0.6540084481239319 5
1740456976046 0.6638537049293518 6
1740456976163 0.7313642501831055 7
1740456976278 0.7862166166305542 8
1740456976392 0.794655442237854 9
1740456976529 0.7988747954368591 10
1740456976626 0.797468364238739 11
1740456976736 0.8045006990432739 12
1740456976845 0.8073136210441589 13
1740456976964 0.797468364238739 14
1740456977078 0.8016877770423889 15
1740456977196 0.8255977630615234 16
1740456977312 0.8129395246505737 17
1740456977412 0.8171589374542236 18
1740456977512 0.8213783502578735 19
1740456977628 0.8101266026496887 20
1740456977764 0.8284106850624084 21
1740456977873 0.8270041942596436 22
1740456977978 0.8270041942596436 23
1740456978083 0.8284106850624084 24
1740456978197 0.8143460154533386 25
1740456978306 0.8340365886688232 26
1740456978411 0.8227847814559937 27
1740456978533 0.8185654282569885 28
1740456978641 0.8185654282569885 29
1740456978752 0.8255977630615234 30
1740456978864 0.8227847814559937 31
1740456978975 0.8241912722587585 32
1740456979082 0.8340365886688232 33
1740456979199 0.8270041942596436 34
1740456979318 0.8270041942596436 35
1740456979428 0.8199718594551086 36
1740456979545 0.8227847814559937 37
1740456979647 0.8312236070632935 38
1740456979781 0.8284106850624084 39
1740456979893 0.8354430198669434 40
1740456980015 0.8241912722587585 41
1740456980139 0.842475414276123 42
1740456980265 0.8298171758651733 43
1740456980381 0.8368495106697083 44
1740456980498 0.8241912722587585 45
1740456980614 0.8340365886688232 46
1740456980714 0.8368495106697083 47
1740456980838 0.8312236070632935 48
1740456980949 0.8255977630615234 49
1740456981052 0.8255977630615234 50
1740456981163 0.8354430198669434 51
1740456981278 0.8438818454742432 52
1740456981396 0.8340365886688232 53
1740456981494 0.8312236070632935 54
1740456981614 0.8284106850624084 55
1740456981729 0.8438818454742432 56
1740456981844 0.8354430198669434 57
1740456981960 0.8354430198669434 58
1740456982079 0.849507749080658 59
1740456982214 0.8382560014724731 60
1740456982335 0.8368495106697083 61
1740456982448 0.8368495106697083 62
1740456982568 0.842475414276123 63
1740456982698 0.8227847814559937 64
1740456982832 0.842475414276123 65
1740456982946 0.8452883362770081 66
1740456983060 0.8368495106697083 67
