1740456975345 0.5519347786903381 0
1740456975464 0.5519347786903381 1
1740456975582 0.5519347786903381 2
1740456975692 0.5519347786903381 3
1740456975802 0.5519347786903381 4
1740456975913 0.5519347786903381 5
1740456976046 0.5519347786903381 6
1740456976163 0.5519347786903381 7
1740456976278 0.5519347786903381 8
1740456976392 0.5519347786903381 9
1740456976529 0.5519347786903381 10
1740456976626 0.5519347786903381 11
1740456976736 0.5519347786903381 12
1740456976845 0.5519347786903381 13
1740456976964 0.5519347786903381 14
1740456977078 0.5519347786903381 15
1740456977196 0.5519347786903381 16
1740456977312 0.5519347786903381 17
1740456977412 0.5519347786903381 18
1740456977512 0.5519347786903381 19
1740456977628 0.5519347786903381 20
1740456977764 0.5519347786903381 21
1740456977873 0.5519347786903381 22
1740456977978 0.5519347786903381 23
1740456978083 0.5519347786903381 24
1740456978197 0.5519347786903381 25
1740456978306 0.5519347786903381 26
1740456978411 0.5519347786903381 27
1740456978533 0.5519347786903381 28
1740456978641 0.5519347786903381 29
1740456978752 0.5519347786903381 30
1740456978864 0.5519347786903381 31
1740456978975 0.5519347786903381 32
1740456979082 0.5519347786903381 33
1740456979199 0.5519347786903381 34
1740456979318 0.5519347786903381 35
1740456979428 0.5519347786903381 36
1740456979545 0.5519347786903381 37
1740456979647 0.5519347786903381 38
1740456979781 0.5519347786903381 39
1740456979893 0.5519347786903381 40
1740456980015 0.5519347786903381 41
1740456980139 0.5519347786903381 42
1740456980265 0.5519347786903381 43
1740456980381 0.5519347786903381 44
1740456980498 0.5519347786903381 45
1740456980614 0.5519347786903381 46
1740456980714 0.5519347786903381 47
1740456980838 0.5519347786903381 48
1740456980949 0.5519347786903381 49
1740456981052 0.5519347786903381 50
1740456981163 0.5519347786903381 51
1740456981278 0.5519347786903381 52
1740456981396 0.5519347786903381 53
1740456981494 0.5519347786903381 54
1740456981614 0.5519347786903381 55
1740456981729 0.5519347786903381 56
1740456981844 0.5519347786903381 57
1740456981960 0.5519347786903381 58
1740456982079 0.5519347786903381 59
1740456982214 0.5519347786903381 60
1740456982335 0.5519347786903381 61
1740456982448 0.5519347786903381 62
1740456982568 0.5519347786903381 63
1740456982698 0.5519347786903381 64
1740456982832 0.5519347786903381 65
1740456982946 0.5519347786903381 66
1740456983060 0.5519347786903381 67
