1740456975345 3.9297685623168945 0
1740456975464 3.6725070476531982 1
1740456975582 3.4300804138183594 2
1740456975692 3.2071685791015625 3
1740456975802 2.9930765628814697 4
1740456975913 2.7984182834625244 5
1740456976046 2.607818365097046 6
1740456976163 2.4267373085021973 7
1740456976278 2.249291181564331 8
1740456976392 2.10292387008667 9
1740456976529 1.9734268188476562 10
1740456976626 1.8481171131134033 11
1740456976736 1.715066909790039 12
1740456976845 1.6385524272918701 13
1740456976964 1.5371078252792358 14
1740456977078 1.4508696794509888 15
1740456977196 1.3654741048812866 16
1740456977312 1.3137660026550293 17
1740456977412 1.2300724983215332 18
1740456977512 1.179171085357666 19
1740456977628 1.1277598142623901 20
1740456977764 1.066418170928955 21
1740456977873 1.0194414854049683 22
1740456977978 0.9786187410354614 23
1740456978083 0.939609706401825 24
1740456978197 0.9161219000816345 25
1740456978306 0.8645687103271484 26
1740456978411 0.8553115129470825 27
1740456978533 0.8268914818763733 28
1740456978641 0.8070077896118164 29
1740456978752 0.7902432084083557 30
1740456978864 0.7450805306434631 31
1740456978975 0.7450669407844543 32
1740456979082 0.6947965621948242 33
1740456979199 0.7016637921333313 34
1740456979318 0.695776641368866 35
1740456979428 0.6716113090515137 36
1740456979545 0.6547942161560059 37
1740456979647 0.6534178853034973 38
1740456979781 0.649392306804657 39
1740456979893 0.6278505325317383 40
1740456980015 0.6295459866523743 41
1740456980139 0.6121410131454468 42
1740456980265 0.6116687655448914 43
1740456980381 0.5956785678863525 44
1740456980498 0.5921904444694519 45
1740456980614 0.5914962887763977 46
1740456980714 0.5819255113601685 47
1740456980838 0.5851824879646301 48
1740456980949 0.5754242539405823 49
1740456981052 0.5820021629333496 50
1740456981163 0.5747843384742737 51
1740456981278 0.5654688477516174 52
1740456981396 0.5524687767028809 53
1740456981494 0.560400128364563 54
1740456981614 0.5768359303474426 55
1740456981729 0.5417084097862244 56
1740456981844 0.5562608242034912 57
1740456981960 0.5542857646942139 58
1740456982079 0.5440559983253479 59
1740456982214 0.5393867492675781 60
1740456982335 0.5547302961349487 61
1740456982448 0.552604615688324 62
1740456982568 0.5360599160194397 63
1740456982698 0.550151526927948 64
1740456982832 0.5465799570083618 65
1740456982946 0.5411405563354492 66
1740456983060 0.5350805521011353 67
