1740457870501 0.5260196924209595 0
1740457870632 0.5822784900665283 1
1740457870717 0.6300984621047974 2
1740457870820 0.6202531456947327 3
1740457870916 0.6104078888893127 4
1740457871015 0.6216596364974976 5
1740457871110 0.6300984621047974 6
1740457871197 0.6258790493011475 7
1740457871303 0.6343178749084473 8
1740457871398 0.6146273016929626 9
1740457871498 0.6202531456947327 10
1740457871593 0.6244725584983826 11
1740457871683 0.6300984621047974 12
1740457871785 0.6244725584983826 13
1740457871896 0.6244725584983826 14
1740457871997 0.6230661273002625 15
1740457872100 0.6216596364974976 16
1740457872202 0.6202531456947327 17
1740457872299 0.6216596364974976 18
1740457872397 0.6188467144966125 19
1740457872487 0.6174402236938477 20
1740457872592 0.6188467144966125 21
1740457872685 0.6174402236938477 22
1740457872783 0.6188467144966125 23
1740457872882 0.6188467144966125 24
1740457872983 0.6188467144966125 25
1740457873083 0.6188467144966125 26
1740457873203 0.6216596364974976 27
1740457873291 0.6174402236938477 28
1740457873406 0.6202531456947327 29
1740457873485 0.6188467144966125 30
1740457873605 0.6188467144966125 31
1740457873716 0.6188467144966125 32
1740457873839 0.6188467144966125 33
1740457873939 0.6188467144966125 34
1740457874040 0.6188467144966125 35
1740457874135 0.6216596364974976 36
1740457874234 0.6188467144966125 37
1740457874331 0.6188467144966125 38
1740457874420 0.6202531456947327 39
1740457874533 0.6188467144966125 40
1740457874620 0.6174402236938477 41
1740457874718 0.6202531456947327 42
1740457874818 0.6216596364974976 43
1740457874918 0.6188467144966125 44
1740457875019 0.6202531456947327 45
1740457875114 0.6188467144966125 46
1740457875212 0.6188467144966125 47
1740457875299 0.6188467144966125 48
1740457875414 0.6202531456947327 49
1740457875513 0.6216596364974976 50
1740457875616 0.6216596364974976 51
1740457875718 0.6202531456947327 52
1740457875824 0.6202531456947327 53
1740457875916 0.6188467144966125 54
1740457876015 0.6202531456947327 55
1740457876117 0.6174402236938477 56
1740457876214 0.6188467144966125 57
1740457876320 0.6188467144966125 58
1740457876419 0.6188467144966125 59
1740457876515 0.6202531456947327 60
1740457876623 0.6188467144966125 61
1740457876735 0.6216596364974976 62
1740457876816 0.6174402236938477 63
1740457876933 0.6188467144966125 64
1740457877029 0.6202531456947327 65
1740457877126 0.6202531456947327 66
1740457877220 0.6216596364974976 67
1740457877316 0.6216596364974976 68
1740457877412 0.6202531456947327 69
1740457877508 0.6188467144966125 70
1740457877604 0.6202531456947327 71
1740457877703 0.6230661273002625 72
1740457877799 0.6188467144966125 73
1740457877902 0.6202531456947327 74
1740457878002 0.6216596364974976 75
1740457878102 0.6202531456947327 76
1740457878201 0.6272855401039124 77
1740457878300 0.6244725584983826 78
1740457878402 0.6202531456947327 79
1740457878503 0.6216596364974976 80
1740457878622 0.6174402236938477 81
1740457878717 0.6216596364974976 82
1740457878835 0.6230661273002625 83
1740457878934 0.6230661273002625 84
1740457879031 0.6286919713020325 85
1740457879136 0.6244725584983826 86
1740457879252 0.6216596364974976 87
1740457879357 0.6202531456947327 88
1740457879452 0.6286919713020325 89
1740457879569 0.6300984621047974 90
1740457879672 0.6286919713020325 91
1740457879785 0.6329113841056824 92
1740457879885 0.6315048933029175 93
1740457879983 0.6272855401039124 94
1740457880067 0.6329113841056824 95
1740457880170 0.6244725584983826 96
1740457880263 0.6286919713020325 97
1740457880370 0.649789035320282 98
1740457880469 0.6371307969093323 99
1740457880582 0.6413502097129822 100
1740457880686 0.6357243061065674 101
1740457880794 0.6371307969093323 102
1740457880894 0.6427567005157471 103
1740457880988 0.655414879322052 104
1740457881094 0.6441631317138672 105
1740457881189 0.6441631317138672 106
1740457881300 0.6610407829284668 107
1740457881398 0.6582278609275818 108
1740457881518 0.6596342921257019 109
1740457881652 0.6568213701248169 110
1740457881767 0.652601957321167 111
1740457881869 0.6680731177330017 112
1740457881974 0.6694796085357666 113
1740457882069 0.655414879322052 114
1740457882172 0.6722925305366516 115
1740457882268 0.6765119433403015 116
1740457882368 0.6793248653411865 117
1740457882466 0.6793248653411865 118
1740457882574 0.6849507689476013 119
1740457882683 0.6807313561439514 120
1740457882794 0.6807313561439514 121
1740457882899 0.6905766725540161 122
1740457883001 0.6849507689476013 123
1740457883112 0.694796085357666 124
1740457883215 0.6877636909484863 125
1740457883318 0.6933895945549011 126
1740457883412 0.694796085357666 127
1740457883507 0.694796085357666 128
1740457883600 0.7018284201622009 129
1740457883705 0.7102672457695007 130
1740457883809 0.7201125025749207 131
1740457883918 0.7243319153785706 132
1740457884017 0.7313642501831055 133
1740457884121 0.7102672457695007 134
1740457884220 0.7187060713768005 135
1740457884319 0.7299578189849854 136
1740457884416 0.7201125025749207 137
1740457884512 0.7215189933776855 138
1740457884614 0.7398030757904053 139
1740457884717 0.7313642501831055 140
1740457884819 0.7341772317886353 141
1740457884921 0.7299578189849854 142
1740457885035 0.7285513281822205 143
1740457885151 0.7412095665931702 144
1740457885265 0.7440224885940552 145
1740457885400 0.7538678050041199 146
1740457885555 0.7426160573959351 147
1740457885653 0.7538678050041199 148
1740457885783 0.7693389654159546 149
1740457885910 0.7566807270050049 150
1740457886008 0.7440224885940552 151
1740457886105 0.7566807270050049 152
1740457886216 0.7594936490058899 153
1740457886317 0.7637130618095398 154
1740457886416 0.7609001398086548 155
1740457886515 0.7679324746131897 156
1740457886619 0.752461314201355 157
1740457886713 0.7665260434150696 158
1740457886814 0.7707454562187195 159
1740457886916 0.7763713002204895 160
1740457887018 0.7623066306114197 161
1740457887117 0.7805907130241394 162
1740457887218 0.7735583782196045 163
1740457887313 0.7848101258277893 164
1740457887409 0.7777777910232544 165
1740457887518 0.7819972038269043 166
1740457887615 0.7791842222213745 167
1740457887713 0.7763713002204895 168
1740457887809 0.7819972038269043 169
1740457887915 0.7819972038269043 170
1740457888019 0.7763713002204895 171
1740457888119 0.794655442237854 172
1740457888226 0.7960618734359741 173
1740457888336 0.7904360294342041 174
1740457888438 0.7848101258277893 175
1740457888538 0.7777777910232544 176
1740457888653 0.797468364238739 177
1740457888756 0.7918424606323242 178
1740457888851 0.7890295386314392 179
1740457888951 0.7721518874168396 180
1740457889066 0.7904360294342041 181
1740457889163 0.794655442237854 182
1740457889265 0.794655442237854 183
1740457889370 0.7890295386314392 184
1740457889470 0.7819972038269043 185
1740457889569 0.7890295386314392 186
1740457889648 0.7876230478286743 187
1740457889765 0.7988747954368591 188
1740457889861 0.7834036350250244 189
1740457889957 0.7988747954368591 190
1740457890053 0.7834036350250244 191
1740457890151 0.7918424606323242 192
1740457890251 0.7988747954368591 193
1740457890349 0.8073136210441589 194
1740457890447 0.8101266026496887 195
1740457890533 0.8073136210441589 196
1740457890651 0.797468364238739 197
1740457890751 0.794655442237854 198
1740457890851 0.794655442237854 199
