1740457870501 0.5519347786903381 0
1740457870632 0.5519347786903381 1
1740457870717 0.5519347786903381 2
1740457870820 0.5519347786903381 3
1740457870916 0.5519347786903381 4
1740457871015 0.5519347786903381 5
1740457871110 0.5519347786903381 6
1740457871197 0.5519347786903381 7
1740457871303 0.5519347786903381 8
1740457871398 0.5519347786903381 9
1740457871498 0.5519347786903381 10
1740457871593 0.5519347786903381 11
1740457871683 0.5519347786903381 12
1740457871785 0.5519347786903381 13
1740457871896 0.5519347786903381 14
1740457871997 0.5519347786903381 15
1740457872100 0.5519347786903381 16
1740457872202 0.5519347786903381 17
1740457872299 0.5519347786903381 18
1740457872397 0.5519347786903381 19
1740457872487 0.5519347786903381 20
1740457872592 0.5519347786903381 21
1740457872685 0.5519347786903381 22
1740457872783 0.5519347786903381 23
1740457872882 0.5519347786903381 24
1740457872983 0.5519347786903381 25
1740457873083 0.5519347786903381 26
1740457873203 0.5519347786903381 27
1740457873291 0.5519347786903381 28
1740457873406 0.5519347786903381 29
1740457873485 0.5519347786903381 30
1740457873605 0.5519347786903381 31
1740457873716 0.5519347786903381 32
1740457873839 0.5519347786903381 33
1740457873939 0.5519347786903381 34
1740457874040 0.5519347786903381 35
1740457874135 0.5519347786903381 36
1740457874234 0.5519347786903381 37
1740457874331 0.5519347786903381 38
1740457874420 0.5519347786903381 39
1740457874533 0.5519347786903381 40
1740457874620 0.5519347786903381 41
1740457874718 0.5519347786903381 42
1740457874818 0.5519347786903381 43
1740457874918 0.5519347786903381 44
1740457875019 0.5519347786903381 45
1740457875114 0.5519347786903381 46
1740457875212 0.5519347786903381 47
1740457875299 0.5519347786903381 48
1740457875414 0.5519347786903381 49
1740457875513 0.5519347786903381 50
1740457875616 0.5519347786903381 51
1740457875718 0.5519347786903381 52
1740457875824 0.5519347786903381 53
1740457875916 0.5519347786903381 54
1740457876015 0.5519347786903381 55
1740457876117 0.5519347786903381 56
1740457876214 0.5519347786903381 57
1740457876320 0.5519347786903381 58
1740457876419 0.5519347786903381 59
1740457876515 0.5519347786903381 60
1740457876623 0.5519347786903381 61
1740457876735 0.5519347786903381 62
1740457876816 0.5519347786903381 63
1740457876933 0.5519347786903381 64
1740457877029 0.5519347786903381 65
1740457877126 0.5519347786903381 66
1740457877220 0.5519347786903381 67
1740457877316 0.5519347786903381 68
1740457877412 0.5519347786903381 69
1740457877508 0.5519347786903381 70
1740457877604 0.5519347786903381 71
1740457877703 0.5519347786903381 72
1740457877799 0.5519347786903381 73
1740457877902 0.5519347786903381 74
1740457878002 0.5519347786903381 75
1740457878102 0.5519347786903381 76
1740457878201 0.5519347786903381 77
1740457878300 0.5519347786903381 78
1740457878402 0.5519347786903381 79
1740457878503 0.5519347786903381 80
1740457878622 0.5519347786903381 81
1740457878717 0.5519347786903381 82
1740457878835 0.5519347786903381 83
1740457878934 0.5519347786903381 84
1740457879031 0.5519347786903381 85
1740457879136 0.5519347786903381 86
1740457879252 0.5519347786903381 87
1740457879357 0.5519347786903381 88
1740457879452 0.5519347786903381 89
1740457879569 0.5519347786903381 90
1740457879672 0.5519347786903381 91
1740457879785 0.5519347786903381 92
1740457879885 0.5519347786903381 93
1740457879983 0.5519347786903381 94
1740457880067 0.5519347786903381 95
1740457880170 0.5519347786903381 96
1740457880263 0.5519347786903381 97
1740457880370 0.5519347786903381 98
1740457880469 0.5519347786903381 99
1740457880582 0.5519347786903381 100
1740457880686 0.5519347786903381 101
1740457880794 0.5519347786903381 102
1740457880894 0.5519347786903381 103
1740457880988 0.5519347786903381 104
1740457881094 0.5519347786903381 105
1740457881189 0.5519347786903381 106
1740457881300 0.5519347786903381 107
1740457881398 0.5519347786903381 108
1740457881518 0.5519347786903381 109
1740457881652 0.5519347786903381 110
1740457881767 0.5519347786903381 111
1740457881869 0.5519347786903381 112
1740457881974 0.5519347786903381 113
1740457882069 0.5519347786903381 114
1740457882172 0.5519347786903381 115
1740457882268 0.5519347786903381 116
1740457882368 0.5519347786903381 117
1740457882466 0.5519347786903381 118
1740457882574 0.5519347786903381 119
1740457882683 0.5519347786903381 120
1740457882794 0.5519347786903381 121
1740457882899 0.5519347786903381 122
1740457883001 0.5519347786903381 123
1740457883112 0.5519347786903381 124
1740457883215 0.5519347786903381 125
1740457883318 0.5519347786903381 126
1740457883412 0.5519347786903381 127
1740457883507 0.5519347786903381 128
1740457883600 0.5519347786903381 129
1740457883705 0.5519347786903381 130
1740457883809 0.5519347786903381 131
1740457883918 0.5519347786903381 132
1740457884017 0.5519347786903381 133
1740457884121 0.5519347786903381 134
1740457884220 0.5519347786903381 135
1740457884319 0.5519347786903381 136
1740457884416 0.5519347786903381 137
1740457884512 0.5519347786903381 138
1740457884614 0.5519347786903381 139
1740457884717 0.5519347786903381 140
1740457884819 0.5519347786903381 141
1740457884921 0.5519347786903381 142
1740457885035 0.5519347786903381 143
1740457885151 0.5519347786903381 144
1740457885265 0.5519347786903381 145
1740457885400 0.5519347786903381 146
1740457885555 0.5519347786903381 147
1740457885653 0.5519347786903381 148
1740457885783 0.5519347786903381 149
1740457885910 0.5519347786903381 150
1740457886008 0.5519347786903381 151
1740457886105 0.5519347786903381 152
1740457886216 0.5519347786903381 153
1740457886317 0.5519347786903381 154
1740457886416 0.5519347786903381 155
1740457886515 0.5519347786903381 156
1740457886619 0.5519347786903381 157
1740457886713 0.5519347786903381 158
1740457886814 0.5519347786903381 159
1740457886916 0.5519347786903381 160
1740457887018 0.5519347786903381 161
1740457887117 0.5519347786903381 162
1740457887218 0.5519347786903381 163
1740457887313 0.5519347786903381 164
1740457887409 0.5519347786903381 165
1740457887518 0.5519347786903381 166
1740457887615 0.5519347786903381 167
1740457887713 0.5519347786903381 168
1740457887809 0.5519347786903381 169
1740457887915 0.5519347786903381 170
1740457888019 0.5519347786903381 171
1740457888119 0.5519347786903381 172
1740457888226 0.5519347786903381 173
1740457888336 0.5519347786903381 174
1740457888438 0.5519347786903381 175
1740457888538 0.5519347786903381 176
1740457888653 0.5519347786903381 177
1740457888756 0.5519347786903381 178
1740457888851 0.5519347786903381 179
1740457888951 0.5519347786903381 180
1740457889066 0.5519347786903381 181
1740457889163 0.5519347786903381 182
1740457889265 0.5519347786903381 183
1740457889370 0.5519347786903381 184
1740457889470 0.5519347786903381 185
1740457889569 0.5519347786903381 186
1740457889648 0.5519347786903381 187
1740457889765 0.5519347786903381 188
1740457889861 0.5519347786903381 189
1740457889957 0.5519347786903381 190
1740457890053 0.5519347786903381 191
1740457890151 0.5519347786903381 192
1740457890251 0.5519347786903381 193
1740457890349 0.5519347786903381 194
1740457890447 0.5519347786903381 195
1740457890533 0.5519347786903381 196
1740457890651 0.5519347786903381 197
1740457890751 0.5519347786903381 198
1740457890851 0.5519347786903381 199
