1740457870501 3.9967916011810303 0
1740457870632 3.9846746921539307 1
1740457870717 3.974928140640259 2
1740457870820 3.9671471118927 3
1740457870916 3.9595179557800293 4
1740457871015 3.949089527130127 5
1740457871110 3.938413143157959 6
1740457871197 3.9307446479797363 7
1740457871303 3.9216246604919434 8
1740457871398 3.914480447769165 9
1740457871498 3.9060115814208984 10
1740457871593 3.8967669010162354 11
1740457871683 3.8851680755615234 12
1740457871785 3.876631021499634 13
1740457871896 3.8687832355499268 14
1740457871997 3.8623781204223633 15
1740457872100 3.855048179626465 16
1740457872202 3.844165086746216 17
1740457872299 3.8372199535369873 18
1740457872397 3.8276607990264893 19
1740457872487 3.8213093280792236 20
1740457872592 3.8123364448547363 21
1740457872685 3.802403688430786 22
1740457872783 3.794391393661499 23
1740457872882 3.7881438732147217 24
1740457872983 3.776082754135132 25
1740457873083 3.7709414958953857 26
1740457873203 3.762092113494873 27
1740457873291 3.7528157234191895 28
1740457873406 3.7450358867645264 29
1740457873485 3.739069938659668 30
1740457873605 3.730358600616455 31
1740457873716 3.722593307495117 32
1740457873839 3.713895320892334 33
1740457873939 3.7056238651275635 34
1740457874040 3.7001986503601074 35
1740457874135 3.6892430782318115 36
1740457874234 3.682701587677002 37
1740457874331 3.676340341567993 38
1740457874420 3.6663689613342285 39
1740457874533 3.6598198413848877 40
1740457874620 3.6546947956085205 41
1740457874718 3.6413722038269043 42
1740457874818 3.6363871097564697 43
1740457874918 3.6295530796051025 44
1740457875019 3.62064528465271 45
1740457875114 3.614135503768921 46
1740457875212 3.607365608215332 47
1740457875299 3.598540782928467 48
1740457875414 3.5898289680480957 49
1740457875513 3.586273670196533 50
1740457875616 3.5755507946014404 51
1740457875718 3.569540500640869 52
1740457875824 3.5623905658721924 53
1740457875916 3.550602674484253 54
1740457876015 3.5443150997161865 55
1740457876117 3.5381298065185547 56
1740457876214 3.531278133392334 57
1740457876320 3.524085760116577 58
1740457876419 3.515561103820801 59
1740457876515 3.511155366897583 60
1740457876623 3.5016541481018066 61
1740457876735 3.4910573959350586 62
1740457876816 3.490812301635742 63
1740457876933 3.4831221103668213 64
1740457877029 3.4753458499908447 65
1740457877126 3.466468334197998 66
1740457877220 3.4582595825195312 67
1740457877316 3.4508986473083496 68
1740457877412 3.4457757472991943 69
1740457877508 3.4381015300750732 70
1740457877604 3.430696964263916 71
1740457877703 3.421823740005493 72
1740457877799 3.4151077270507812 73
1740457877902 3.404995918273926 74
1740457878002 3.4018306732177734 75
1740457878102 3.39310359954834 76
1740457878201 3.3888185024261475 77
1740457878300 3.379531145095825 78
1740457878402 3.37502121925354 79
1740457878503 3.3638546466827393 80
1740457878622 3.358656406402588 81
1740457878717 3.3508641719818115 82
1740457878835 3.3440463542938232 83
1740457878934 3.336287498474121 84
1740457879031 3.327798843383789 85
1740457879136 3.3228328227996826 86
1740457879252 3.3112239837646484 87
1740457879357 3.3090014457702637 88
1740457879452 3.301740884780884 89
1740457879569 3.294754981994629 90
1740457879672 3.2861173152923584 91
1740457879785 3.284963369369507 92
1740457879885 3.2749388217926025 93
1740457879983 3.264991044998169 94
1740457880067 3.2607882022857666 95
1740457880170 3.251580238342285 96
1740457880263 3.2438621520996094 97
1740457880370 3.2362277507781982 98
1740457880469 3.2306439876556396 99
1740457880582 3.2224738597869873 100
1740457880686 3.2172622680664062 101
1740457880794 3.21266770362854 102
1740457880894 3.2027039527893066 103
1740457880988 3.196420669555664 104
1740457881094 3.1907315254211426 105
1740457881189 3.1812591552734375 106
1740457881300 3.1704657077789307 107
1740457881398 3.1660587787628174 108
1740457881518 3.1598427295684814 109
1740457881652 3.1523470878601074 110
1740457881767 3.1427226066589355 111
1740457881869 3.138054370880127 112
1740457881974 3.1328556537628174 113
1740457882069 3.1241116523742676 114
1740457882172 3.1159720420837402 115
1740457882268 3.1120619773864746 116
1740457882368 3.101853609085083 117
1740457882466 3.0977792739868164 118
1740457882574 3.0834834575653076 119
1740457882683 3.0812106132507324 120
1740457882794 3.073827028274536 121
1740457882899 3.0666589736938477 122
1740457883001 3.0681838989257812 123
1740457883112 3.0544049739837646 124
1740457883215 3.044206380844116 125
1740457883318 3.0420234203338623 126
1740457883412 3.0282390117645264 127
1740457883507 3.0277256965637207 128
1740457883600 3.018148183822632 129
1740457883705 3.010256290435791 130
1740457883809 3.00571346282959 131
1740457883918 2.993546962738037 132
1740457884017 2.9920926094055176 133
1740457884121 2.983690023422241 134
1740457884220 2.9760279655456543 135
1740457884319 2.968686103820801 136
1740457884416 2.9664294719696045 137
1740457884512 2.9583566188812256 138
1740457884614 2.947023868560791 139
1740457884717 2.9448516368865967 140
1740457884819 2.936777114868164 141
1740457884921 2.9261977672576904 142
1740457885035 2.9276797771453857 143
1740457885151 2.9174046516418457 144
1740457885265 2.9116568565368652 145
1740457885400 2.900874376296997 146
1740457885555 2.894402503967285 147
1740457885653 2.8864574432373047 148
1740457885783 2.8769583702087402 149
1740457885910 2.8769702911376953 150
1740457886008 2.86736798286438 151
1740457886105 2.860539436340332 152
1740457886216 2.852705478668213 153
1740457886317 2.8509726524353027 154
1740457886416 2.840228796005249 155
1740457886515 2.8356525897979736 156
1740457886619 2.8239927291870117 157
1740457886713 2.820502996444702 158
1740457886814 2.8129754066467285 159
1740457886916 2.8080801963806152 160
1740457887018 2.8073322772979736 161
1740457887117 2.7889456748962402 162
1740457887218 2.7818520069122314 163
1740457887313 2.7761754989624023 164
1740457887409 2.77425217628479 165
1740457887518 2.7617106437683105 166
1740457887615 2.758074998855591 167
1740457887713 2.7500932216644287 168
1740457887809 2.744966745376587 169
1740457887915 2.742335081100464 170
1740457888019 2.736570119857788 171
1740457888119 2.7224154472351074 172
1740457888226 2.717273235321045 173
1740457888336 2.7153193950653076 174
1740457888438 2.711435317993164 175
1740457888538 2.712973117828369 176
1740457888653 2.6900789737701416 177
1740457888756 2.6888530254364014 178
1740457888851 2.682380199432373 179
1740457888951 2.688289165496826 180
1740457889066 2.676502227783203 181
1740457889163 2.672839641571045 182
1740457889265 2.6630616188049316 183
1740457889370 2.665830612182617 184
1740457889470 2.6503686904907227 185
1740457889569 2.6513984203338623 186
1740457889648 2.637622833251953 187
1740457889765 2.6316158771514893 188
1740457889861 2.6178107261657715 189
1740457889957 2.6162993907928467 190
1740457890053 2.608774185180664 191
1740457890151 2.6155126094818115 192
1740457890251 2.5983829498291016 193
1740457890349 2.5937066078186035 194
1740457890447 2.594161033630371 195
1740457890533 2.586106538772583 196
1740457890651 2.5787529945373535 197
1740457890751 2.578385591506958 198
1740457890851 2.5681798458099365 199
