1740449203022 0.5766525864601135 0
1740449203122 0.6090013980865479 1
1740449203225 0.6244725584983826 2
1740449203322 0.646976113319397 3
1740449203425 0.6638537049293518 4
1740449203510 0.6821378469467163 5
1740449203647 0.707454264163971 6
1740449203763 0.7158930897712708 7
1740449203880 0.7651195526123047 8
1740449203984 0.7819972038269043 9
1740449204079 0.7918424606323242 10
1740449204195 0.7749648094177246 11
1740449204302 0.8016877770423889 12
1740449204417 0.7918424606323242 13
1740449204534 0.8115330338478088 14
1740449204646 0.8115330338478088 15
1740449204742 0.8143460154533386 16
1740449204842 0.8087201118469238 17
1740449204944 0.8157524466514587 18
1740449205045 0.8199718594551086 19
1740449205146 0.8171589374542236 20
1740449205245 0.8101266026496887 21
1740449205358 0.8059071898460388 22
1740449205453 0.8087201118469238 23
1740449205548 0.8213783502578735 24
1740449205645 0.8143460154533386 25
1740449205746 0.8227847814559937 26
1740449205844 0.8255977630615234 27
1740449205946 0.8115330338478088 28
1740449206042 0.8354430198669434 29
1740449206138 0.8270041942596436 30
1740449206233 0.8087201118469238 31
1740449206331 0.8255977630615234 32
1740449206427 0.8213783502578735 33
1740449206542 0.8227847814559937 34
1740449206640 0.8270041942596436 35
1740449206724 0.8227847814559937 36
1740449206823 0.8255977630615234 37
1740449206926 0.8129395246505737 38
1740449207031 0.8227847814559937 39
1740449207123 0.8157524466514587 40
1740449207225 0.8199718594551086 41
1740449207323 0.8171589374542236 42
1740449207418 0.8270041942596436 43
1740449207517 0.8171589374542236 44
1740449207619 0.8255977630615234 45
1740449207721 0.8227847814559937 46
1740449207823 0.8326300978660583 47
1740449207925 0.8284106850624084 48
1740449208021 0.8382560014724731 49
1740449208122 0.8185654282569885 50
1740449208226 0.8368495106697083 51
1740449208327 0.8284106850624084 52
1740449208431 0.8368495106697083 53
1740449208530 0.8213783502578735 54
1740449208644 0.8284106850624084 55
1740449208751 0.8326300978660583 56
1740449208863 0.8382560014724731 57
1740449208963 0.8312236070632935 58
1740449209065 0.8354430198669434 59
1740449209161 0.8255977630615234 60
1740449209277 0.8270041942596436 61
1740449209386 0.8382560014724731 62
1740449209494 0.8410689234733582 63
1740449209599 0.8312236070632935 64
1740449209699 0.8241912722587585 65
1740449209792 0.8199718594551086 66
1740449209892 0.8312236070632935 67
1740449210011 0.8255977630615234 68
1740449210118 0.8354430198669434 69
1740449210216 0.8340365886688232 70
1740449210319 0.8382560014724731 71
1740449210422 0.8382560014724731 72
1740449210525 0.8326300978660583 73
1740449210627 0.8255977630615234 74
1740449210734 0.8326300978660583 75
1740449210828 0.8255977630615234 76
1740449210945 0.8410689234733582 77
1740449211044 0.8199718594551086 78
1740449211142 0.8284106850624084 79
1740449211252 0.8255977630615234 80
1740449211345 0.8340365886688232 81
1740449211448 0.8340365886688232 82
1740449211547 0.8298171758651733 83
1740449211664 0.8368495106697083 84
1740449211777 0.8438818454742432 85
1740449211878 0.8312236070632935 86
1740449211994 0.8298171758651733 87
1740449212100 0.8312236070632935 88
1740449212213 0.8199718594551086 89
1740449212312 0.842475414276123 90
1740449212420 0.8438818454742432 91
1740449212530 0.8241912722587585 92
1740449212627 0.8284106850624084 93
1740449212735 0.8382560014724731 94
1740449212846 0.8326300978660583 95
1740449212949 0.8143460154533386 96
1740449213044 0.8312236070632935 97
1740449213163 0.8270041942596436 98
1740449213269 0.8368495106697083 99
1740449213362 0.8298171758651733 100
1740449213468 0.8368495106697083 101
1740449213566 0.8326300978660583 102
1740449213661 0.8368495106697083 103
1740449213762 0.8298171758651733 104
1740449213859 0.8382560014724731 105
1740449213959 0.8326300978660583 106
1740449214049 0.8298171758651733 107
1740449214159 0.8354430198669434 108
1740449214254 0.8270041942596436 109
1740449214349 0.8298171758651733 110
1740449214449 0.8298171758651733 111
1740449214562 0.8284106850624084 112
1740449214678 0.8312236070632935 113
1740449214777 0.8466947674751282 114
1740449214892 0.8326300978660583 115
1740449214975 0.8481012582778931 116
1740449215078 0.8340365886688232 117
1740449215174 0.8382560014724731 118
1740449215267 0.8312236070632935 119
1740449215362 0.8284106850624084 120
1740449215460 0.8340365886688232 121
1740449215541 0.8213783502578735 122
1740449215641 0.842475414276123 123
1740449215737 0.8199718594551086 124
1740449215836 0.8354430198669434 125
1740449215925 0.8270041942596436 126
1740449216026 0.8284106850624084 127
1740449216121 0.8368495106697083 128
1740449216209 0.8298171758651733 129
1740449216308 0.8326300978660583 130
1740449216412 0.8396624326705933 131
1740449216497 0.8396624326705933 132
1740449216610 0.8312236070632935 133
1740449216710 0.8368495106697083 134
1740449216810 0.8312236070632935 135
1740449216893 0.8340365886688232 136
1740449217215 0.8284106850624084 137
1740449217308 0.8438818454742432 138
1740449217393 0.8340365886688232 139
1740449217494 0.8354430198669434 140
1740449217591 0.8340365886688232 141
1740449217708 0.8537271618843079 142
1740449217829 0.8255977630615234 143
1740449217941 0.8438818454742432 144
1740449218043 0.8368495106697083 145
1740449218157 0.8354430198669434 146
1740449218258 0.8466947674751282 147
1740449218375 0.8326300978660583 148
1740449218475 0.8326300978660583 149
1740449218582 0.8340365886688232 150
1740449218679 0.8227847814559937 151
1740449218775 0.8326300978660583 152
1740449218858 0.8312236070632935 153
1740449218959 0.8354430198669434 154
1740449219058 0.8284106850624084 155
1740449219141 0.8452883362770081 156
1740449219243 0.8171589374542236 157
1740449219341 0.8255977630615234 158
1740449219425 0.8312236070632935 159
1740449219526 0.8354430198669434 160
1740449219626 0.8340365886688232 161
1740449219721 0.8199718594551086 162
1740449219809 0.8354430198669434 163
1740449219910 0.8326300978660583 164
1740449220010 0.8340365886688232 165
1740449220110 0.8396624326705933 166
1740449220209 0.8312236070632935 167
1740449220293 0.8382560014724731 168
1740449220393 0.8171589374542236 169
1740449220493 0.8326300978660583 170
1740449220576 0.8396624326705933 171
1740449220676 0.8326300978660583 172
1740449220773 0.8227847814559937 173
1740449220858 0.8354430198669434 174
1740449220959 0.8340365886688232 175
1740449221041 0.8284106850624084 176
1740449221142 0.8354430198669434 177
1740449221262 0.8270041942596436 178
1740449221354 0.8284106850624084 179
1740449221462 0.8326300978660583 180
1740449221559 0.8396624326705933 181
1740449221677 0.8340365886688232 182
1740449221774 0.8438818454742432 183
1740449221859 0.8368495106697083 184
1740449221958 0.8312236070632935 185
1740449222059 0.8354430198669434 186
1740449222160 0.8396624326705933 187
1740449222243 0.8509141802787781 188
1740449222357 0.8284106850624084 189
1740449222443 0.8326300978660583 190
1740449222543 0.8368495106697083 191
1740449222643 0.8368495106697083 192
1740449222743 0.842475414276123 193
1740449222843 0.8354430198669434 194
1740449222941 0.8270041942596436 195
1740449223027 0.8340365886688232 196
1740449223127 0.8340365886688232 197
1740449223224 0.8340365886688232 198
1740449223309 0.8663854002952576 199
