1740449203022 0.5519347786903381 0
1740449203122 0.5519347786903381 1
1740449203225 0.5519347786903381 2
1740449203322 0.5519347786903381 3
1740449203425 0.5519347786903381 4
1740449203510 0.5519347786903381 5
1740449203647 0.5519347786903381 6
1740449203763 0.5519347786903381 7
1740449203880 0.5519347786903381 8
1740449203984 0.5519347786903381 9
1740449204079 0.5519347786903381 10
1740449204195 0.5519347786903381 11
1740449204302 0.5519347786903381 12
1740449204417 0.5519347786903381 13
1740449204534 0.5519347786903381 14
1740449204646 0.5519347786903381 15
1740449204742 0.5519347786903381 16
1740449204842 0.5519347786903381 17
1740449204944 0.5519347786903381 18
1740449205045 0.5519347786903381 19
1740449205146 0.5519347786903381 20
1740449205245 0.5519347786903381 21
1740449205358 0.5519347786903381 22
1740449205453 0.5519347786903381 23
1740449205548 0.5519347786903381 24
1740449205645 0.5519347786903381 25
1740449205746 0.5519347786903381 26
1740449205844 0.5519347786903381 27
1740449205946 0.5519347786903381 28
1740449206042 0.5519347786903381 29
1740449206138 0.5519347786903381 30
1740449206233 0.5519347786903381 31
1740449206331 0.5519347786903381 32
1740449206427 0.5519347786903381 33
1740449206542 0.5519347786903381 34
1740449206640 0.5519347786903381 35
1740449206724 0.5519347786903381 36
1740449206823 0.5519347786903381 37
1740449206926 0.5519347786903381 38
1740449207031 0.5519347786903381 39
1740449207123 0.5519347786903381 40
1740449207225 0.5519347786903381 41
1740449207323 0.5519347786903381 42
1740449207418 0.5519347786903381 43
1740449207517 0.5519347786903381 44
1740449207619 0.5519347786903381 45
1740449207721 0.5519347786903381 46
1740449207823 0.5519347786903381 47
1740449207925 0.5519347786903381 48
1740449208021 0.5519347786903381 49
1740449208122 0.5519347786903381 50
1740449208226 0.5519347786903381 51
1740449208327 0.5519347786903381 52
1740449208431 0.5519347786903381 53
1740449208530 0.5519347786903381 54
1740449208644 0.5519347786903381 55
1740449208751 0.5519347786903381 56
1740449208863 0.5519347786903381 57
1740449208963 0.5519347786903381 58
1740449209065 0.5519347786903381 59
1740449209161 0.5519347786903381 60
1740449209277 0.5519347786903381 61
1740449209386 0.5519347786903381 62
1740449209494 0.5519347786903381 63
1740449209599 0.5519347786903381 64
1740449209699 0.5519347786903381 65
1740449209792 0.5519347786903381 66
1740449209892 0.5519347786903381 67
1740449210011 0.5519347786903381 68
1740449210118 0.5519347786903381 69
1740449210216 0.5519347786903381 70
1740449210319 0.5519347786903381 71
1740449210422 0.5519347786903381 72
1740449210525 0.5519347786903381 73
1740449210627 0.5519347786903381 74
1740449210734 0.5519347786903381 75
1740449210828 0.5519347786903381 76
1740449210945 0.5519347786903381 77
1740449211044 0.5519347786903381 78
1740449211142 0.5519347786903381 79
1740449211252 0.5519347786903381 80
1740449211345 0.5519347786903381 81
1740449211448 0.5519347786903381 82
1740449211547 0.5519347786903381 83
1740449211664 0.5519347786903381 84
1740449211777 0.5519347786903381 85
1740449211878 0.5519347786903381 86
1740449211994 0.5519347786903381 87
1740449212100 0.5519347786903381 88
1740449212213 0.5519347786903381 89
1740449212312 0.5519347786903381 90
1740449212420 0.5519347786903381 91
1740449212530 0.5519347786903381 92
1740449212627 0.5519347786903381 93
1740449212735 0.5519347786903381 94
1740449212846 0.5519347786903381 95
1740449212949 0.5519347786903381 96
1740449213044 0.5519347786903381 97
1740449213163 0.5519347786903381 98
1740449213269 0.5519347786903381 99
1740449213362 0.5519347786903381 100
1740449213468 0.5519347786903381 101
1740449213566 0.5519347786903381 102
1740449213661 0.5519347786903381 103
1740449213762 0.5519347786903381 104
1740449213859 0.5519347786903381 105
1740449213959 0.5519347786903381 106
1740449214049 0.5519347786903381 107
1740449214159 0.5519347786903381 108
1740449214254 0.5519347786903381 109
1740449214349 0.5519347786903381 110
1740449214449 0.5519347786903381 111
1740449214562 0.5519347786903381 112
1740449214678 0.5519347786903381 113
1740449214777 0.5519347786903381 114
1740449214892 0.5519347786903381 115
1740449214975 0.5519347786903381 116
1740449215078 0.5519347786903381 117
1740449215174 0.5519347786903381 118
1740449215267 0.5519347786903381 119
1740449215362 0.5519347786903381 120
1740449215460 0.5519347786903381 121
1740449215541 0.5519347786903381 122
1740449215641 0.5519347786903381 123
1740449215737 0.5519347786903381 124
1740449215836 0.5519347786903381 125
1740449215925 0.5519347786903381 126
1740449216026 0.5519347786903381 127
1740449216121 0.5519347786903381 128
1740449216209 0.5519347786903381 129
1740449216308 0.5519347786903381 130
1740449216412 0.5519347786903381 131
1740449216497 0.5519347786903381 132
1740449216610 0.5519347786903381 133
1740449216710 0.5519347786903381 134
1740449216810 0.5519347786903381 135
1740449216893 0.5519347786903381 136
1740449217215 0.5519347786903381 137
1740449217308 0.5519347786903381 138
1740449217393 0.5519347786903381 139
1740449217494 0.5519347786903381 140
1740449217591 0.5519347786903381 141
1740449217708 0.5519347786903381 142
1740449217829 0.5519347786903381 143
1740449217941 0.5519347786903381 144
1740449218043 0.5519347786903381 145
1740449218157 0.5519347786903381 146
1740449218258 0.5519347786903381 147
1740449218375 0.5519347786903381 148
1740449218475 0.5519347786903381 149
1740449218582 0.5519347786903381 150
1740449218679 0.5519347786903381 151
1740449218775 0.5519347786903381 152
1740449218858 0.5519347786903381 153
1740449218959 0.5519347786903381 154
1740449219058 0.5519347786903381 155
1740449219141 0.5519347786903381 156
1740449219243 0.5519347786903381 157
1740449219341 0.5519347786903381 158
1740449219425 0.5519347786903381 159
1740449219526 0.5519347786903381 160
1740449219626 0.5519347786903381 161
1740449219721 0.5519347786903381 162
1740449219809 0.5519347786903381 163
1740449219910 0.5519347786903381 164
1740449220010 0.5519347786903381 165
1740449220110 0.5519347786903381 166
1740449220209 0.5519347786903381 167
1740449220293 0.5519347786903381 168
1740449220393 0.5519347786903381 169
1740449220493 0.5519347786903381 170
1740449220576 0.5519347786903381 171
1740449220676 0.5519347786903381 172
1740449220773 0.5519347786903381 173
1740449220858 0.5519347786903381 174
1740449220959 0.5519347786903381 175
1740449221041 0.5519347786903381 176
1740449221142 0.5519347786903381 177
1740449221262 0.5519347786903381 178
1740449221354 0.5519347786903381 179
1740449221462 0.5519347786903381 180
1740449221559 0.5519347786903381 181
1740449221677 0.5519347786903381 182
1740449221774 0.5519347786903381 183
1740449221859 0.5519347786903381 184
1740449221958 0.5519347786903381 185
1740449222059 0.5519347786903381 186
1740449222160 0.5519347786903381 187
1740449222243 0.5519347786903381 188
1740449222357 0.5519347786903381 189
1740449222443 0.5519347786903381 190
1740449222543 0.5519347786903381 191
1740449222643 0.5519347786903381 192
1740449222743 0.5519347786903381 193
1740449222843 0.5519347786903381 194
1740449222941 0.5519347786903381 195
1740449223027 0.5519347786903381 196
1740449223127 0.5519347786903381 197
1740449223224 0.5519347786903381 198
1740449223309 0.5519347786903381 199
