1740449203022 2.6583189964294434 0
1740449203122 2.512042999267578 1
1740449203225 2.3703560829162598 2
1740449203322 2.224717855453491 3
1740449203425 2.1064603328704834 4
1740449203510 1.9792230129241943 5
1740449203647 1.8670908212661743 6
1740449203763 1.7691444158554077 7
1740449203880 1.6666508913040161 8
1740449203984 1.5799933671951294 9
1740449204079 1.4885215759277344 10
1740449204195 1.426963210105896 11
1740449204302 1.3232072591781616 12
1740449204417 1.2902324199676514 13
1740449204534 1.2152442932128906 14
1740449204646 1.1702841520309448 15
1740449204742 1.1094810962677002 16
1740449204842 1.0592496395111084 17
1740449204944 1.015952706336975 18
1740449205045 0.9759207963943481 19
1740449205146 0.9409260153770447 20
1740449205245 0.9004256725311279 21
1740449205358 0.8772313594818115 22
1740449205453 0.8533223271369934 23
1740449205548 0.8207451701164246 24
1740449205645 0.796450674533844 25
1740449205746 0.7733907103538513 26
1740449205844 0.7445089817047119 27
1740449205946 0.7492871284484863 28
1740449206042 0.7357242107391357 29
1740449206138 0.6965015530586243 30
1740449206233 0.6954374313354492 31
1740449206331 0.6564077138900757 32
1740449206427 0.6743285655975342 33
1740449206542 0.6453441381454468 34
1740449206640 0.6367201805114746 35
1740449206724 0.6182991862297058 36
1740449206823 0.6156802177429199 37
1740449206926 0.6108607649803162 38
1740449207031 0.6133650541305542 39
1740449207123 0.6082757711410522 40
1740449207225 0.5827968716621399 41
1740449207323 0.5837656259536743 42
1740449207418 0.5764983892440796 43
1740449207517 0.5772724151611328 44
1740449207619 0.5842552781105042 45
1740449207721 0.5707793831825256 46
1740449207823 0.553449809551239 47
1740449207925 0.5610576272010803 48
1740449208021 0.5484718084335327 49
1740449208122 0.5438385009765625 50
1740449208226 0.5483168959617615 51
1740449208327 0.5450889468193054 52
1740449208431 0.5460668802261353 53
1740449208530 0.5455518960952759 54
1740449208644 0.5323232412338257 55
1740449208751 0.5492933392524719 56
1740449208863 0.529529333114624 57
1740449208963 0.5393123626708984 58
1740449209065 0.5258366465568542 59
1740449209161 0.5345668196678162 60
1740449209277 0.5244101285934448 61
1740449209386 0.5307548642158508 62
1740449209494 0.5188664793968201 63
1740449209599 0.5371052622795105 64
1740449209699 0.5195251703262329 65
1740449209792 0.5212067365646362 66
1740449209892 0.5235180854797363 67
1740449210011 0.5082316994667053 68
1740449210118 0.5182740688323975 69
1740449210216 0.5125642418861389 70
1740449210319 0.5219983458518982 71
1740449210422 0.5131875276565552 72
1740449210525 0.5118797421455383 73
1740449210627 0.509719729423523 74
1740449210734 0.5106222629547119 75
1740449210828 0.5025503039360046 76
1740449210945 0.5045021772384644 77
1740449211044 0.5248072743415833 78
1740449211142 0.5178919434547424 79
1740449211252 0.498754620552063 80
1740449211345 0.49485188722610474 81
1740449211448 0.504248321056366 82
1740449211547 0.49077093601226807 83
1740449211664 0.49605193734169006 84
1740449211777 0.5062319040298462 85
1740449211878 0.5036944150924683 86
1740449211994 0.5035504102706909 87
1740449212100 0.5120413303375244 88
1740449212213 0.5117916464805603 89
1740449212312 0.5006864070892334 90
1740449212420 0.4916076958179474 91
1740449212530 0.506046712398529 92
1740449212627 0.5165766477584839 93
1740449212735 0.49621856212615967 94
1740449212846 0.5107699632644653 95
1740449212949 0.49821504950523376 96
1740449213044 0.5029380321502686 97
1740449213163 0.502081573009491 98
1740449213269 0.5060406923294067 99
1740449213362 0.5103323459625244 100
1740449213468 0.5036981105804443 101
1740449213566 0.4953515827655792 102
1740449213661 0.4937269985675812 103
1740449213762 0.5027739405632019 104
1740449213859 0.48934227228164673 105
1740449213959 0.5002205967903137 106
1740449214049 0.4980834126472473 107
1740449214159 0.5011354684829712 108
1740449214254 0.4920182526111603 109
1740449214349 0.4984205663204193 110
1740449214449 0.5010525584220886 111
1740449214562 0.5048468708992004 112
1740449214678 0.49674856662750244 113
1740449214777 0.49019137024879456 114
1740449214892 0.5014055371284485 115
1740449214975 0.4999512732028961 116
1740449215078 0.4990033507347107 117
1740449215174 0.49004238843917847 118
1740449215267 0.4889737069606781 119
1740449215362 0.4948045313358307 120
1740449215460 0.5016234517097473 121
1740449215541 0.49142712354660034 122
1740449215641 0.49863675236701965 123
1740449215737 0.5007269978523254 124
1740449215836 0.4963246285915375 125
1740449215925 0.5016095638275146 126
1740449216026 0.48807796835899353 127
1740449216121 0.5004279613494873 128
1740449216209 0.49502819776535034 129
1740449216308 0.48916929960250854 130
1740449216412 0.4981677830219269 131
1740449216497 0.48737749457359314 132
1740449216610 0.482716828584671 133
1740449216710 0.4956497251987457 134
1740449216810 0.49938076734542847 135
1740449216893 0.49238330125808716 136
1740449217215 0.5026489496231079 137
1740449217308 0.4815703332424164 138
1740449217393 0.4973456859588623 139
1740449217494 0.491873174905777 140
1740449217591 0.49481266736984253 141
1740449217708 0.4788491725921631 142
1740449217829 0.4974234402179718 143
1740449217941 0.4957680106163025 144
1740449218043 0.4706301689147949 145
1740449218157 0.48181065917015076 146
1740449218258 0.4930894076824188 147
1740449218375 0.4807143807411194 148
1740449218475 0.496203750371933 149
1740449218582 0.4770318865776062 150
1740449218679 0.49655795097351074 151
1740449218775 0.49131011962890625 152
1740449218858 0.49922284483909607 153
1740449218959 0.4740804135799408 154
1740449219058 0.4975602328777313 155
1740449219141 0.47829869389533997 156
1740449219243 0.49574530124664307 157
1740449219341 0.49585050344467163 158
1740449219425 0.4813138544559479 159
1740449219526 0.5027400851249695 160
1740449219626 0.49783650040626526 161
1740449219721 0.49381232261657715 162
1740449219809 0.49720245599746704 163
1740449219910 0.4840904772281647 164
1740449220010 0.4954202175140381 165
1740449220110 0.49383410811424255 166
1740449220209 0.48447054624557495 167
1740449220293 0.4830229878425598 168
1740449220393 0.48877808451652527 169
1740449220493 0.48752763867378235 170
1740449220576 0.47151753306388855 171
1740449220676 0.4999600946903229 172
1740449220773 0.48921918869018555 173
1740449220858 0.48220473527908325 174
1740449220959 0.47039198875427246 175
1740449221041 0.4877490997314453 176
1740449221142 0.49274393916130066 177
1740449221262 0.48048415780067444 178
1740449221354 0.4944339990615845 179
1740449221462 0.4774080514907837 180
1740449221559 0.47619572281837463 181
1740449221677 0.47589558362960815 182
1740449221774 0.4823528528213501 183
1740449221859 0.4895392954349518 184
1740449221958 0.47954386472702026 185
1740449222059 0.48140203952789307 186
1740449222160 0.4817923903465271 187
1740449222243 0.4799457788467407 188
1740449222357 0.5121141672134399 189
1740449222443 0.48291924595832825 190
1740449222543 0.4776398837566376 191
1740449222643 0.47591733932495117 192
1740449222743 0.47123831510543823 193
1740449222843 0.46359163522720337 194
1740449222941 0.48085641860961914 195
1740449223027 0.48911505937576294 196
1740449223127 0.48638951778411865 197
1740449223224 0.47067397832870483 198
1740449223309 0.47222864627838135 199
