1740459858896 0.547116756439209 0
1740459859031 0.6033755540847778 1
1740459859126 0.604781985282898 2
1740459859229 0.655414879322052 3
1740459859342 0.6666666865348816 4
1740459859449 0.6863572597503662 5
1740459859550 0.6680731177330017 6
1740459859652 0.6849507689476013 7
1740459859746 0.7721518874168396 8
1740459859875 0.7482419013977051 9
1740459859977 0.7890295386314392 10
1740459860094 0.7932489514350891 11
1740459860208 0.7862166166305542 12
1740459860327 0.7904360294342041 13
1740459860432 0.8073136210441589 14
1740459860547 0.8157524466514587 15
1740459860679 0.8171589374542236 16
1740459860775 0.8115330338478088 17
1740459860896 0.8073136210441589 18
1740459860996 0.8115330338478088 19
1740459861098 0.8101266026496887 20
1740459861192 0.8213783502578735 21
1740459861295 0.8171589374542236 22
1740459861406 0.8213783502578735 23
1740459861504 0.8143460154533386 24
1740459861592 0.8326300978660583 25
1740459861706 0.8227847814559937 26
1740459861807 0.8199718594551086 27
1740459861909 0.8255977630615234 28
1740459862008 0.8199718594551086 29
1740459862108 0.8270041942596436 30
1740459862211 0.8326300978660583 31
1740459862312 0.8368495106697083 32
1740459862411 0.8199718594551086 33
1740459862525 0.8396624326705933 34
1740459862628 0.8438818454742432 35
1740459862732 0.8270041942596436 36
1740459862827 0.8298171758651733 37
1740459862943 0.8298171758651733 38
1740459863060 0.842475414276123 39
1740459863158 0.8312236070632935 40
1740459863280 0.8354430198669434 41
1740459863376 0.8382560014724731 42
1740459863493 0.8326300978660583 43
1740459863592 0.8129395246505737 44
1740459863712 0.8312236070632935 45
1740459863828 0.8368495106697083 46
1740459863928 0.8270041942596436 47
1740459864039 0.8354430198669434 48
1740459864145 0.8396624326705933 49
1740459864246 0.8284106850624084 50
1740459864355 0.8312236070632935 51
1740459864461 0.8284106850624084 52
1740459864558 0.8255977630615234 53
1740459864658 0.8340365886688232 54
1740459864761 0.8466947674751282 55
1740459864872 0.8298171758651733 56
1740459864975 0.8284106850624084 57
1740459865079 0.8255977630615234 58
1740459865173 0.8368495106697083 59
1740459865279 0.8143460154533386 60
1740459865373 0.8354430198669434 61
1740459865478 0.8270041942596436 62
1740459865573 0.8368495106697083 63
1740459865686 0.8340365886688232 64
1740459865792 0.8284106850624084 65
1740459865892 0.8481012582778931 66
1740459865991 0.8410689234733582 67
1740459866092 0.8340365886688232 68
1740459866195 0.842475414276123 69
1740459866311 0.8312236070632935 70
1740459866411 0.8396624326705933 71
1740459866506 0.8354430198669434 72
1740459866626 0.8410689234733582 73
1740459866725 0.8537271618843079 74
1740459866827 0.8340365886688232 75
1740459866961 0.8284106850624084 76
1740459867061 0.8284106850624084 77
1740459867163 0.8481012582778931 78
1740459867263 0.8227847814559937 79
1740459867387 0.8354430198669434 80
1740459867494 0.8354430198669434 81
1740459867594 0.8438818454742432 82
1740459867695 0.8410689234733582 83
1740459867808 0.8438818454742432 84
1740459867910 0.8213783502578735 85
1740459868012 0.8410689234733582 86
1740459868130 0.8129395246505737 87
1740459868231 0.8410689234733582 88
1740459868330 0.8438818454742432 89
1740459868443 0.8298171758651733 90
1740459868545 0.8199718594551086 91
1740459868646 0.8312236070632935 92
1740459868747 0.8382560014724731 93
1740459868846 0.8410689234733582 94
1740459868958 0.8354430198669434 95
1740459869061 0.8241912722587585 96
1740459869176 0.8466947674751282 97
1740459869277 0.8241912722587585 98
1740459869397 0.8312236070632935 99
1740459869522 0.8368495106697083 100
1740459869625 0.8326300978660583 101
1740459869724 0.8382560014724731 102
1740459869825 0.8368495106697083 103
1740459869924 0.8452883362770081 104
1740459870030 0.8382560014724731 105
1740459870137 0.8368495106697083 106
1740459870241 0.842475414276123 107
1740459870341 0.8326300978660583 108
1740459870447 0.8382560014724731 109
1740459870563 0.8326300978660583 110
1740459870665 0.8466947674751282 111
1740459870776 0.8452883362770081 112
1740459870878 0.8298171758651733 113
1740459870991 0.8396624326705933 114
1740459871091 0.8326300978660583 115
1740459871196 0.8466947674751282 116
1740459871292 0.8396624326705933 117
1740459871391 0.8340365886688232 118
1740459871492 0.8368495106697083 119
1740459871595 0.8326300978660583 120
1740459871715 0.8340365886688232 121
1740459871832 0.8410689234733582 122
1740459871925 0.8354430198669434 123
1740459872041 0.8298171758651733 124
1740459872175 0.8410689234733582 125
1740459872315 0.8466947674751282 126
1740459872412 0.852320671081543 127
1740459872525 0.849507749080658 128
1740459872625 0.8284106850624084 129
1740459872741 0.8284106850624084 130
1740459872847 0.8396624326705933 131
1740459872962 0.849507749080658 132
1740459873059 0.8270041942596436 133
1740459873161 0.8382560014724731 134
1740459873264 0.8382560014724731 135
1740459873376 0.8326300978660583 136
1740459873500 0.8340365886688232 137
1740459873593 0.8326300978660583 138
1740459873709 0.8354430198669434 139
