1740459858896 0.5519347786903381 0
1740459859031 0.5519347786903381 1
1740459859126 0.5519347786903381 2
1740459859229 0.5519347786903381 3
1740459859342 0.5519347786903381 4
1740459859449 0.5519347786903381 5
1740459859550 0.5519347786903381 6
1740459859652 0.5519347786903381 7
1740459859746 0.5519347786903381 8
1740459859875 0.5519347786903381 9
1740459859977 0.5519347786903381 10
1740459860094 0.5519347786903381 11
1740459860208 0.5519347786903381 12
1740459860327 0.5519347786903381 13
1740459860432 0.5519347786903381 14
1740459860547 0.5519347786903381 15
1740459860679 0.5519347786903381 16
1740459860775 0.5519347786903381 17
1740459860896 0.5519347786903381 18
1740459860996 0.5519347786903381 19
1740459861098 0.5519347786903381 20
1740459861192 0.5519347786903381 21
1740459861295 0.5519347786903381 22
1740459861406 0.5519347786903381 23
1740459861504 0.5519347786903381 24
1740459861592 0.5519347786903381 25
1740459861706 0.5519347786903381 26
1740459861807 0.5519347786903381 27
1740459861909 0.5519347786903381 28
1740459862008 0.5519347786903381 29
1740459862108 0.5519347786903381 30
1740459862211 0.5519347786903381 31
1740459862312 0.5519347786903381 32
1740459862411 0.5519347786903381 33
1740459862525 0.5519347786903381 34
1740459862628 0.5519347786903381 35
1740459862732 0.5519347786903381 36
1740459862827 0.5519347786903381 37
1740459862943 0.5519347786903381 38
1740459863060 0.5519347786903381 39
1740459863158 0.5519347786903381 40
1740459863280 0.5519347786903381 41
1740459863376 0.5519347786903381 42
1740459863493 0.5519347786903381 43
1740459863592 0.5519347786903381 44
1740459863712 0.5519347786903381 45
1740459863828 0.5519347786903381 46
1740459863928 0.5519347786903381 47
1740459864039 0.5519347786903381 48
1740459864145 0.5519347786903381 49
1740459864246 0.5519347786903381 50
1740459864355 0.5519347786903381 51
1740459864461 0.5519347786903381 52
1740459864558 0.5519347786903381 53
1740459864658 0.5519347786903381 54
1740459864761 0.5519347786903381 55
1740459864872 0.5519347786903381 56
1740459864975 0.5519347786903381 57
1740459865079 0.5519347786903381 58
1740459865173 0.5519347786903381 59
1740459865279 0.5519347786903381 60
1740459865373 0.5519347786903381 61
1740459865478 0.5519347786903381 62
1740459865573 0.5519347786903381 63
1740459865686 0.5519347786903381 64
1740459865792 0.5519347786903381 65
1740459865892 0.5519347786903381 66
1740459865991 0.5519347786903381 67
1740459866092 0.5519347786903381 68
1740459866195 0.5519347786903381 69
1740459866311 0.5519347786903381 70
1740459866411 0.5519347786903381 71
1740459866506 0.5519347786903381 72
1740459866626 0.5519347786903381 73
1740459866725 0.5519347786903381 74
1740459866827 0.5519347786903381 75
1740459866961 0.5519347786903381 76
1740459867061 0.5519347786903381 77
1740459867163 0.5519347786903381 78
1740459867263 0.5519347786903381 79
1740459867387 0.5519347786903381 80
1740459867494 0.5519347786903381 81
1740459867594 0.5519347786903381 82
1740459867695 0.5519347786903381 83
1740459867808 0.5519347786903381 84
1740459867910 0.5519347786903381 85
1740459868012 0.5519347786903381 86
1740459868130 0.5519347786903381 87
1740459868231 0.5519347786903381 88
1740459868330 0.5519347786903381 89
1740459868443 0.5519347786903381 90
1740459868545 0.5519347786903381 91
1740459868646 0.5519347786903381 92
1740459868747 0.5519347786903381 93
1740459868846 0.5519347786903381 94
1740459868958 0.5519347786903381 95
1740459869061 0.5519347786903381 96
1740459869176 0.5519347786903381 97
1740459869277 0.5519347786903381 98
1740459869397 0.5519347786903381 99
1740459869522 0.5519347786903381 100
1740459869625 0.5519347786903381 101
1740459869724 0.5519347786903381 102
1740459869825 0.5519347786903381 103
1740459869924 0.5519347786903381 104
1740459870030 0.5519347786903381 105
1740459870137 0.5519347786903381 106
1740459870241 0.5519347786903381 107
1740459870341 0.5519347786903381 108
1740459870447 0.5519347786903381 109
1740459870563 0.5519347786903381 110
1740459870665 0.5519347786903381 111
1740459870776 0.5519347786903381 112
1740459870878 0.5519347786903381 113
1740459870991 0.5519347786903381 114
1740459871091 0.5519347786903381 115
1740459871196 0.5519347786903381 116
1740459871292 0.5519347786903381 117
1740459871391 0.5519347786903381 118
1740459871492 0.5519347786903381 119
1740459871595 0.5519347786903381 120
1740459871715 0.5519347786903381 121
1740459871832 0.5519347786903381 122
1740459871925 0.5519347786903381 123
1740459872041 0.5519347786903381 124
1740459872175 0.5519347786903381 125
1740459872315 0.5519347786903381 126
1740459872412 0.5519347786903381 127
1740459872525 0.5519347786903381 128
1740459872625 0.5519347786903381 129
1740459872741 0.5519347786903381 130
1740459872847 0.5519347786903381 131
1740459872962 0.5519347786903381 132
1740459873059 0.5519347786903381 133
1740459873161 0.5519347786903381 134
1740459873264 0.5519347786903381 135
1740459873376 0.5519347786903381 136
1740459873500 0.5519347786903381 137
1740459873593 0.5519347786903381 138
1740459873709 0.5519347786903381 139
