1740459858896 3.921046733856201 0
1740459859031 3.663998603820801 1
1740459859126 3.427666425704956 2
1740459859229 3.1952133178710938 3
1740459859342 2.9849863052368164 4
1740459859449 2.7874538898468018 5
1740459859550 2.6066536903381348 6
1740459859652 2.4377264976501465 7
1740459859746 2.265052318572998 8
1740459859875 2.121553421020508 9
1740459859977 1.975058913230896 10
1740459860094 1.8542648553848267 11
1740459860208 1.7412927150726318 12
1740459860327 1.635188102722168 13
1740459860432 1.5348025560379028 14
1740459860547 1.4420517683029175 15
1740459860679 1.3632272481918335 16
1740459860775 1.2935246229171753 17
1740459860896 1.228642463684082 18
1740459860996 1.182986855506897 19
1740459861098 1.1158643960952759 20
1740459861192 1.06116783618927 21
1740459861295 1.0172761678695679 22
1740459861406 0.9745912551879883 23
1740459861504 0.9445256590843201 24
1740459861592 0.9075126051902771 25
1740459861706 0.8811177015304565 26
1740459861807 0.8529564142227173 27
1740459861909 0.8191252946853638 28
1740459862008 0.7925168871879578 29
1740459862108 0.7829383611679077 30
1740459862211 0.7496942281723022 31
1740459862312 0.7224903702735901 32
1740459862411 0.7231677174568176 33
1740459862525 0.689420223236084 34
1740459862628 0.6719121336936951 35
1740459862732 0.6791526079177856 36
1740459862827 0.6516304016113281 37
1740459862943 0.6460093855857849 38
1740459863060 0.6231929659843445 39
1740459863158 0.6180229187011719 40
1740459863280 0.618217408657074 41
1740459863376 0.5972778797149658 42
1740459863493 0.5928313136100769 43
1740459863592 0.6197330951690674 44
1740459863712 0.591995120048523 45
1740459863828 0.5837342143058777 46
1740459863928 0.5892324447631836 47
1740459864039 0.5948456525802612 48
1740459864145 0.5716199278831482 49
1740459864246 0.5750978589057922 50
1740459864355 0.5744478106498718 51
1740459864461 0.5660931468009949 52
1740459864558 0.5670367479324341 53
1740459864658 0.5609574913978577 54
1740459864761 0.5445396304130554 55
1740459864872 0.5551646947860718 56
1740459864975 0.5595765113830566 57
1740459865079 0.5744880437850952 58
1740459865173 0.5546411871910095 59
1740459865279 0.5654294490814209 60
1740459865373 0.5399555563926697 61
1740459865478 0.5538325905799866 62
1740459865573 0.5429755449295044 63
1740459865686 0.5479416847229004 64
1740459865792 0.5390827059745789 65
1740459865892 0.533130407333374 66
1740459865991 0.5335225462913513 67
1740459866092 0.5405701994895935 68
1740459866195 0.5459300875663757 69
1740459866311 0.5374056100845337 70
1740459866411 0.5313283801078796 71
1740459866506 0.5183075666427612 72
1740459866626 0.5449323654174805 73
1740459866725 0.5168513655662537 74
1740459866827 0.5348678827285767 75
1740459866961 0.5510037541389465 76
1740459867061 0.5418765544891357 77
1740459867163 0.5303614139556885 78
1740459867263 0.522272527217865 79
1740459867387 0.5275754332542419 80
1740459867494 0.5082709789276123 81
1740459867594 0.5298824310302734 82
1740459867695 0.5234538316726685 83
1740459867808 0.5181676149368286 84
1740459867910 0.5156436562538147 85
1740459868012 0.5304732322692871 86
1740459868130 0.5221709609031677 87
1740459868231 0.5239281058311462 88
1740459868330 0.5226616263389587 89
1740459868443 0.5322424173355103 90
1740459868545 0.5184827446937561 91
1740459868646 0.5096668004989624 92
1740459868747 0.5193230509757996 93
1740459868846 0.5125101804733276 94
1740459868958 0.5299856066703796 95
1740459869061 0.521014392375946 96
1740459869176 0.5223483443260193 97
1740459869277 0.5142744779586792 98
1740459869397 0.5253419280052185 99
1740459869522 0.5078648924827576 100
1740459869625 0.5143658518791199 101
1740459869724 0.5211849212646484 102
1740459869825 0.5003699064254761 103
1740459869924 0.5128651261329651 104
1740459870030 0.5171428322792053 105
1740459870137 0.522457480430603 106
1740459870241 0.5122092366218567 107
1740459870341 0.5192338824272156 108
1740459870447 0.5082316994667053 109
1740459870563 0.4935348331928253 110
1740459870665 0.509619414806366 111
1740459870776 0.5011058449745178 112
1740459870878 0.509216845035553 113
1740459870991 0.5092884302139282 114
1740459871091 0.5252696871757507 115
1740459871196 0.5115025639533997 116
1740459871292 0.5137720108032227 117
1740459871391 0.5076194405555725 118
1740459871492 0.504845917224884 119
1740459871595 0.5005710124969482 120
1740459871715 0.5094141364097595 121
1740459871832 0.4983386695384979 122
1740459871925 0.5024658441543579 123
1740459872041 0.5112568736076355 124
1740459872175 0.5117858648300171 125
1740459872315 0.5186764001846313 126
1740459872412 0.49707987904548645 127
1740459872525 0.517748236656189 128
1740459872625 0.5044283866882324 129
1740459872741 0.5301634669303894 130
1740459872847 0.5145552158355713 131
1740459872962 0.5099764466285706 132
1740459873059 0.5087553858757019 133
1740459873161 0.5052966475486755 134
1740459873264 0.5013425350189209 135
1740459873376 0.5178521871566772 136
1740459873500 0.5118654370307922 137
1740459873593 0.5049200654029846 138
1740459873709 0.5016202330589294 139
