1740458052632 0.4739803075790405 0
1740458052757 0.5330520272254944 1
1740458052838 0.5611814260482788 2
1740458052952 0.5682137608528137 3
1740458053053 0.5893108248710632 4
1740458053162 0.6244725584983826 5
1740458053261 0.646976113319397 6
1740458053356 0.6427567005157471 7
1740458053457 0.6343178749084473 8
1740458053555 0.6216596364974976 9
1740458053655 0.6244725584983826 10
1740458053753 0.6455696225166321 11
1740458053842 0.6202531456947327 12
1740458053949 0.6160337328910828 13
1740458054045 0.6188467144966125 14
1740458054141 0.6244725584983826 15
1740458054239 0.6104078888893127 16
1740458054336 0.6286919713020325 17
1740458054421 0.6230661273002625 18
1740458054525 0.6146273016929626 19
1740458054629 0.6216596364974976 20
1740458054723 0.6188467144966125 21
1740458054846 0.6230661273002625 22
1740458054961 0.6216596364974976 23
1740458055078 0.6188467144966125 24
1740458055181 0.6188467144966125 25
1740458055276 0.6230661273002625 26
1740458055370 0.6146273016929626 27
1740458055477 0.6160337328910828 28
1740458055576 0.6230661273002625 29
1740458055691 0.6216596364974976 30
1740458055793 0.6216596364974976 31
1740458055873 0.6216596364974976 32
1740458055989 0.6188467144966125 33
1740458056094 0.6202531456947327 34
1740458056191 0.6202531456947327 35
1740458056294 0.6188467144966125 36
1740458056394 0.6202531456947327 37
1740458056493 0.6174402236938477 38
1740458056593 0.6188467144966125 39
1740458056691 0.6202531456947327 40
1740458056789 0.6202531456947327 41
1740458056897 0.6188467144966125 42
1740458056993 0.6174402236938477 43
1740458057097 0.6202531456947327 44
1740458057192 0.6174402236938477 45
1740458057291 0.6188467144966125 46
1740458057390 0.6202531456947327 47
1740458057488 0.6188467144966125 48
1740458057589 0.6188467144966125 49
1740458057676 0.6202531456947327 50
1740458057812 0.6202531456947327 51
1740458057911 0.6202531456947327 52
1740458058022 0.6188467144966125 53
1740458058475 0.6202531456947327 54
1740458058586 0.6188467144966125 55
1740458058694 0.6188467144966125 56
1740458058803 0.6202531456947327 57
1740458058908 0.6188467144966125 58
1740458059018 0.6188467144966125 59
1740458059115 0.6202531456947327 60
1740458059207 0.6188467144966125 61
1740458059322 0.6202531456947327 62
1740458059423 0.6188467144966125 63
1740458059527 0.6188467144966125 64
1740458059629 0.6202531456947327 65
1740458059743 0.6188467144966125 66
1740458059858 0.6216596364974976 67
1740458059957 0.6188467144966125 68
1740458060061 0.6188467144966125 69
1740458060161 0.6188467144966125 70
1740458060265 0.6188467144966125 71
1740458060363 0.6202531456947327 72
1740458060460 0.6216596364974976 73
1740458060556 0.6188467144966125 74
1740458060661 0.6216596364974976 75
1740458060761 0.6188467144966125 76
1740458060872 0.6188467144966125 77
1740458060985 0.6188467144966125 78
1740458061096 0.6202531456947327 79
1740458061195 0.6230661273002625 80
1740458061312 0.6188467144966125 81
1740458061422 0.6216596364974976 82
1740458061539 0.6244725584983826 83
1740458061658 0.6202531456947327 84
1740458061762 0.6202531456947327 85
1740458061855 0.6272855401039124 86
1740458061975 0.6216596364974976 87
1740458062077 0.6230661273002625 88
1740458062171 0.6272855401039124 89
1740458062284 0.6300984621047974 90
1740458062377 0.6258790493011475 91
1740458062478 0.6216596364974976 92
1740458062594 0.6188467144966125 93
1740458062698 0.6230661273002625 94
1740458062795 0.6329113841056824 95
1740458062904 0.6244725584983826 96
1740458063011 0.6244725584983826 97
1740458063110 0.6272855401039124 98
1740458063223 0.6272855401039124 99
1740458063327 0.6315048933029175 100
1740458063431 0.6244725584983826 101
1740458063526 0.6329113841056824 102
1740458063663 0.6300984621047974 103
1740458063776 0.6329113841056824 104
1740458063892 0.6413502097129822 105
1740458064017 0.6286919713020325 106
1740458064139 0.6343178749084473 107
1740458064267 0.6385372877120972 108
1740458064390 0.6371307969093323 109
1740458064519 0.6511955261230469 110
1740458064630 0.6455696225166321 111
1740458064745 0.6455696225166321 112
1740458064859 0.6455696225166321 113
1740458064977 0.6610407829284668 114
1740458065078 0.6511955261230469 115
1740458065191 0.6511955261230469 116
1740458065297 0.6652601957321167 117
1740458065393 0.6666666865348816 118
1740458065507 0.6694796085357666 119
1740458065610 0.6610407829284668 120
1740458065729 0.6596342921257019 121
1740458065833 0.6680731177330017 122
1740458065944 0.6849507689476013 123
1740458066050 0.703234851360321 124
1740458066146 0.6863572597503662 125
1740458066260 0.6736990213394165 126
1740458066365 0.6666666865348816 127
1740458066478 0.7060478329658508 128
1740458066592 0.6863572597503662 129
1740458066706 0.6919831037521362 130
1740458066829 0.7088607549667358 131
1740458066940 0.7018284201622009 132
1740458067074 0.7130801677703857 133
1740458067177 0.7187060713768005 134
1740458067279 0.7271448373794556 135
1740458067375 0.7271448373794556 136
1740458067476 0.7116736769676208 137
1740458067578 0.7158930897712708 138
1740458067672 0.7412095665931702 139
1740458067773 0.7327707409858704 140
1740458067891 0.7243319153785706 141
1740458068008 0.7412095665931702 142
1740458068110 0.7454289793968201 143
1740458068204 0.7383966445922852 144
1740458068328 0.7538678050041199 145
1740458068425 0.752461314201355 146
1740458068535 0.7482419013977051 147
1740458068644 0.7566807270050049 148
1740458068746 0.7679324746131897 149
1740458068847 0.7834036350250244 150
1740458068947 0.7777777910232544 151
1740458069057 0.7637130618095398 152
1740458069163 0.7805907130241394 153
1740458069275 0.7834036350250244 154
1740458069375 0.7693389654159546 155
1740458069487 0.7763713002204895 156
1740458069597 0.7763713002204895 157
1740458069695 0.7777777910232544 158
1740458069809 0.7918424606323242 159
1740458069921 0.7763713002204895 160
1740458070034 0.7777777910232544 161
1740458070147 0.7932489514350891 162
1740458070262 0.7791842222213745 163
1740458070357 0.7805907130241394 164
1740458070477 0.7890295386314392 165
1740458070573 0.7932489514350891 166
1740458070693 0.803094208240509 167
1740458070794 0.7904360294342041 168
1740458070898 0.7862166166305542 169
1740458071008 0.7819972038269043 170
1740458071110 0.7960618734359741 171
1740458071210 0.7862166166305542 172
1740458071310 0.8016877770423889 173
1740458071411 0.8059071898460388 174
1740458071523 0.7876230478286743 175
1740458071625 0.7862166166305542 176
1740458071725 0.7988747954368591 177
1740458071827 0.7819972038269043 178
1740458071927 0.7918424606323242 179
1740458072027 0.7988747954368591 180
1740458072141 0.7988747954368591 181
1740458072246 0.7848101258277893 182
1740458072360 0.803094208240509 183
1740458072461 0.7960618734359741 184
1740458072556 0.7988747954368591 185
1740458072673 0.7904360294342041 186
1740458072781 0.8115330338478088 187
1740458072891 0.797468364238739 188
1740458072996 0.800281286239624 189
1740458073098 0.7904360294342041 190
1740458073215 0.8045006990432739 191
1740458073323 0.800281286239624 192
1740458073440 0.794655442237854 193
1740458073550 0.7988747954368591 194
1740458073654 0.803094208240509 195
1740458073760 0.8016877770423889 196
1740458073866 0.797468364238739 197
1740458073971 0.8016877770423889 198
1740458074075 0.800281286239624 199
