1740458052632 0.5519347786903381 0
1740458052757 0.5519347786903381 1
1740458052838 0.5519347786903381 2
1740458052952 0.5519347786903381 3
1740458053053 0.5519347786903381 4
1740458053162 0.5519347786903381 5
1740458053261 0.5519347786903381 6
1740458053356 0.5519347786903381 7
1740458053457 0.5519347786903381 8
1740458053555 0.5519347786903381 9
1740458053655 0.5519347786903381 10
1740458053753 0.5519347786903381 11
1740458053842 0.5519347786903381 12
1740458053949 0.5519347786903381 13
1740458054045 0.5519347786903381 14
1740458054141 0.5519347786903381 15
1740458054239 0.5519347786903381 16
1740458054336 0.5519347786903381 17
1740458054421 0.5519347786903381 18
1740458054525 0.5519347786903381 19
1740458054629 0.5519347786903381 20
1740458054723 0.5519347786903381 21
1740458054846 0.5519347786903381 22
1740458054961 0.5519347786903381 23
1740458055078 0.5519347786903381 24
1740458055181 0.5519347786903381 25
1740458055276 0.5519347786903381 26
1740458055370 0.5519347786903381 27
1740458055477 0.5519347786903381 28
1740458055576 0.5519347786903381 29
1740458055691 0.5519347786903381 30
1740458055793 0.5519347786903381 31
1740458055873 0.5519347786903381 32
1740458055989 0.5519347786903381 33
1740458056094 0.5519347786903381 34
1740458056191 0.5519347786903381 35
1740458056294 0.5519347786903381 36
1740458056394 0.5519347786903381 37
1740458056493 0.5519347786903381 38
1740458056593 0.5519347786903381 39
1740458056691 0.5519347786903381 40
1740458056789 0.5519347786903381 41
1740458056897 0.5519347786903381 42
1740458056993 0.5519347786903381 43
1740458057097 0.5519347786903381 44
1740458057192 0.5519347786903381 45
1740458057291 0.5519347786903381 46
1740458057390 0.5519347786903381 47
1740458057488 0.5519347786903381 48
1740458057589 0.5519347786903381 49
1740458057676 0.5519347786903381 50
1740458057812 0.5519347786903381 51
1740458057911 0.5519347786903381 52
1740458058022 0.5519347786903381 53
1740458058475 0.5519347786903381 54
1740458058586 0.5519347786903381 55
1740458058694 0.5519347786903381 56
1740458058803 0.5519347786903381 57
1740458058908 0.5519347786903381 58
1740458059018 0.5519347786903381 59
1740458059115 0.5519347786903381 60
1740458059207 0.5519347786903381 61
1740458059322 0.5519347786903381 62
1740458059423 0.5519347786903381 63
1740458059527 0.5519347786903381 64
1740458059629 0.5519347786903381 65
1740458059743 0.5519347786903381 66
1740458059858 0.5519347786903381 67
1740458059957 0.5519347786903381 68
1740458060061 0.5519347786903381 69
1740458060161 0.5519347786903381 70
1740458060265 0.5519347786903381 71
1740458060363 0.5519347786903381 72
1740458060460 0.5519347786903381 73
1740458060556 0.5519347786903381 74
1740458060661 0.5519347786903381 75
1740458060761 0.5519347786903381 76
1740458060872 0.5519347786903381 77
1740458060985 0.5519347786903381 78
1740458061096 0.5519347786903381 79
1740458061195 0.5519347786903381 80
1740458061312 0.5519347786903381 81
1740458061422 0.5519347786903381 82
1740458061539 0.5519347786903381 83
1740458061658 0.5519347786903381 84
1740458061762 0.5519347786903381 85
1740458061855 0.5519347786903381 86
1740458061975 0.5519347786903381 87
1740458062077 0.5519347786903381 88
1740458062171 0.5519347786903381 89
1740458062284 0.5519347786903381 90
1740458062377 0.5519347786903381 91
1740458062478 0.5519347786903381 92
1740458062594 0.5519347786903381 93
1740458062698 0.5519347786903381 94
1740458062795 0.5519347786903381 95
1740458062904 0.5519347786903381 96
1740458063011 0.5519347786903381 97
1740458063110 0.5519347786903381 98
1740458063223 0.5519347786903381 99
1740458063327 0.5519347786903381 100
1740458063431 0.5519347786903381 101
1740458063526 0.5519347786903381 102
1740458063663 0.5519347786903381 103
1740458063776 0.5519347786903381 104
1740458063892 0.5519347786903381 105
1740458064017 0.5519347786903381 106
1740458064139 0.5519347786903381 107
1740458064267 0.5519347786903381 108
1740458064390 0.5519347786903381 109
1740458064519 0.5519347786903381 110
1740458064630 0.5519347786903381 111
1740458064745 0.5519347786903381 112
1740458064859 0.5519347786903381 113
1740458064977 0.5519347786903381 114
1740458065078 0.5519347786903381 115
1740458065191 0.5519347786903381 116
1740458065297 0.5519347786903381 117
1740458065393 0.5519347786903381 118
1740458065507 0.5519347786903381 119
1740458065610 0.5519347786903381 120
1740458065729 0.5519347786903381 121
1740458065833 0.5519347786903381 122
1740458065944 0.5519347786903381 123
1740458066050 0.5519347786903381 124
1740458066146 0.5519347786903381 125
1740458066260 0.5519347786903381 126
1740458066365 0.5519347786903381 127
1740458066478 0.5519347786903381 128
1740458066592 0.5519347786903381 129
1740458066706 0.5519347786903381 130
1740458066829 0.5519347786903381 131
1740458066940 0.5519347786903381 132
1740458067074 0.5519347786903381 133
1740458067177 0.5519347786903381 134
1740458067279 0.5519347786903381 135
1740458067375 0.5519347786903381 136
1740458067476 0.5519347786903381 137
1740458067578 0.5519347786903381 138
1740458067672 0.5519347786903381 139
1740458067773 0.5519347786903381 140
1740458067891 0.5519347786903381 141
1740458068008 0.5519347786903381 142
1740458068110 0.5519347786903381 143
1740458068204 0.5519347786903381 144
1740458068328 0.5519347786903381 145
1740458068425 0.5519347786903381 146
1740458068535 0.5519347786903381 147
1740458068644 0.5519347786903381 148
1740458068746 0.5519347786903381 149
1740458068847 0.5519347786903381 150
1740458068947 0.5519347786903381 151
1740458069057 0.5519347786903381 152
1740458069163 0.5519347786903381 153
1740458069275 0.5519347786903381 154
1740458069375 0.5519347786903381 155
1740458069487 0.5519347786903381 156
1740458069597 0.5519347786903381 157
1740458069695 0.5519347786903381 158
1740458069809 0.5519347786903381 159
1740458069921 0.5519347786903381 160
1740458070034 0.5519347786903381 161
1740458070147 0.5519347786903381 162
1740458070262 0.5519347786903381 163
1740458070357 0.5519347786903381 164
1740458070477 0.5519347786903381 165
1740458070573 0.5519347786903381 166
1740458070693 0.5519347786903381 167
1740458070794 0.5519347786903381 168
1740458070898 0.5519347786903381 169
1740458071008 0.5519347786903381 170
1740458071110 0.5519347786903381 171
1740458071210 0.5519347786903381 172
1740458071310 0.5519347786903381 173
1740458071411 0.5519347786903381 174
1740458071523 0.5519347786903381 175
1740458071625 0.5519347786903381 176
1740458071725 0.5519347786903381 177
1740458071827 0.5519347786903381 178
1740458071927 0.5519347786903381 179
1740458072027 0.5519347786903381 180
1740458072141 0.5519347786903381 181
1740458072246 0.5519347786903381 182
1740458072360 0.5519347786903381 183
1740458072461 0.5519347786903381 184
1740458072556 0.5519347786903381 185
1740458072673 0.5519347786903381 186
1740458072781 0.5519347786903381 187
1740458072891 0.5519347786903381 188
1740458072996 0.5519347786903381 189
1740458073098 0.5519347786903381 190
1740458073215 0.5519347786903381 191
1740458073323 0.5519347786903381 192
1740458073440 0.5519347786903381 193
1740458073550 0.5519347786903381 194
1740458073654 0.5519347786903381 195
1740458073760 0.5519347786903381 196
1740458073866 0.5519347786903381 197
1740458073971 0.5519347786903381 198
1740458074075 0.5519347786903381 199
