1740458052632 3.9745187759399414 0
1740458052757 3.9643754959106445 1
1740458052838 3.9540796279907227 2
1740458052952 3.946669101715088 3
1740458053053 3.9369025230407715 4
1740458053162 3.927295446395874 5
1740458053261 3.916193723678589 6
1740458053356 3.9076874256134033 7
1740458053457 3.8977301120758057 8
1740458053555 3.891127586364746 9
1740458053655 3.8805971145629883 10
1740458053753 3.8711435794830322 11
1740458053842 3.862100839614868 12
1740458053949 3.8532333374023438 13
1740458054045 3.8451802730560303 14
1740458054141 3.838003158569336 15
1740458054239 3.828932285308838 16
1740458054336 3.8191473484039307 17
1740458054421 3.8116044998168945 18
1740458054525 3.8049893379211426 19
1740458054629 3.795541763305664 20
1740458054723 3.788116455078125 21
1740458054846 3.778923988342285 22
1740458054961 3.772143602371216 23
1740458055078 3.763589382171631 24
1740458055181 3.7548961639404297 25
1740458055276 3.7475674152374268 26
1740458055370 3.7418770790100098 27
1740458055477 3.731447458267212 28
1740458055576 3.725653648376465 29
1740458055691 3.716576337814331 30
1740458055793 3.7077441215515137 31
1740458055873 3.699934959411621 32
1740458055989 3.690748691558838 33
1740458056094 3.683500289916992 34
1740458056191 3.676682949066162 35
1740458056294 3.6686179637908936 36
1740458056394 3.663215160369873 37
1740458056493 3.653402805328369 38
1740458056593 3.6472933292388916 39
1740458056691 3.6405274868011475 40
1740458056789 3.63240385055542 41
1740458056897 3.624866485595703 42
1740458056993 3.614799737930298 43
1740458057097 3.6103193759918213 44
1740458057192 3.5988240242004395 45
1740458057291 3.5964784622192383 46
1740458057390 3.586456298828125 47
1740458057488 3.5780436992645264 48
1740458057589 3.5734612941741943 49
1740458057676 3.5632293224334717 50
1740458057812 3.5561914443969727 51
1740458057911 3.551079273223877 52
1740458058022 3.5433733463287354 53
1740458058475 3.5356693267822266 54
1740458058586 3.528076410293579 55
1740458058694 3.520341634750366 56
1740458058803 3.5141687393188477 57
1740458058908 3.508180856704712 58
1740458059018 3.4991133213043213 59
1740458059115 3.4919607639312744 60
1740458059207 3.483332872390747 61
1740458059322 3.4767723083496094 62
1740458059423 3.4729154109954834 63
1740458059527 3.465320587158203 64
1740458059629 3.456343412399292 65
1740458059743 3.4493796825408936 66
1740458059858 3.44271183013916 67
1740458059957 3.435563087463379 68
1740458060061 3.4271059036254883 69
1740458060161 3.4212207794189453 70
1740458060265 3.4147987365722656 71
1740458060363 3.405550479888916 72
1740458060460 3.400648832321167 73
1740458060556 3.3939478397369385 74
1740458060661 3.388335704803467 75
1740458060761 3.3803677558898926 76
1740458060872 3.3723583221435547 77
1740458060985 3.3668124675750732 78
1740458061096 3.35796856880188 79
1740458061195 3.3498754501342773 80
1740458061312 3.346031665802002 81
1740458061422 3.338632583618164 82
1740458061539 3.3311009407043457 83
1740458061658 3.3239729404449463 84
1740458061762 3.3193271160125732 85
1740458061855 3.3100392818450928 86
1740458061975 3.30623722076416 87
1740458062077 3.2944717407226562 88
1740458062171 3.2894792556762695 89
1740458062284 3.283806085586548 90
1740458062377 3.2767043113708496 91
1740458062478 3.27188777923584 92
1740458062594 3.2641656398773193 93
1740458062698 3.253796339035034 94
1740458062795 3.2489893436431885 95
1740458062904 3.2433888912200928 96
1740458063011 3.235934257507324 97
1740458063110 3.231839179992676 98
1740458063223 3.223377227783203 99
1740458063327 3.2148656845092773 100
1740458063431 3.2087316513061523 101
1740458063526 3.201202392578125 102
1740458063663 3.194561243057251 103
1740458063776 3.1877799034118652 104
1740458063892 3.179511070251465 105
1740458064017 3.175413131713867 106
1740458064139 3.1656343936920166 107
1740458064267 3.164285659790039 108
1740458064390 3.1539406776428223 109
1740458064519 3.147435426712036 110
1740458064630 3.1440999507904053 111
1740458064745 3.1338491439819336 112
1740458064859 3.129183292388916 113
1740458064977 3.118509531021118 114
1740458065078 3.116374969482422 115
1740458065191 3.1074249744415283 116
1740458065297 3.098114252090454 117
1740458065393 3.0943496227264404 118
1740458065507 3.089792251586914 119
1740458065610 3.0820086002349854 120
1740458065729 3.0737431049346924 121
1740458065833 3.069885015487671 122
1740458065944 3.0588388442993164 123
1740458066050 3.0515635013580322 124
1740458066146 3.045822858810425 125
1740458066260 3.043184280395508 126
1740458066365 3.0351672172546387 127
1740458066478 3.0252742767333984 128
1740458066592 3.018979549407959 129
1740458066706 3.012335777282715 130
1740458066829 3.000941514968872 131
1740458066940 2.9994242191314697 132
1740458067074 2.991875410079956 133
1740458067177 2.9815170764923096 134
1740458067279 2.9789698123931885 135
1740458067375 2.97179913520813 136
1740458067476 2.9671339988708496 137
1740458067578 2.9636120796203613 138
1740458067672 2.945345401763916 139
1740458067773 2.9427151679992676 140
1740458067891 2.9363644123077393 141
1740458068008 2.9282102584838867 142
1740458068110 2.92185640335083 143
1740458068204 2.916269063949585 144
1740458068328 2.90875244140625 145
1740458068425 2.9016497135162354 146
1740458068535 2.8935680389404297 147
1740458068644 2.8881657123565674 148
1740458068746 2.880608320236206 149
1740458068847 2.8696978092193604 150
1740458068947 2.8665802478790283 151
1740458069057 2.866283655166626 152
1740458069163 2.8507747650146484 153
1740458069275 2.8436906337738037 154
1740458069375 2.841355562210083 155
1740458069487 2.826749563217163 156
1740458069597 2.822460412979126 157
1740458069695 2.816845655441284 158
1740458069809 2.8096816539764404 159
1740458069921 2.8008780479431152 160
1740458070034 2.803030490875244 161
1740458070147 2.786379098892212 162
1740458070262 2.785560131072998 163
1740458070357 2.781381845474243 164
1740458070477 2.772786855697632 165
1740458070573 2.767139196395874 166
1740458070693 2.7550885677337646 167
1740458070794 2.748439073562622 168
1740458070898 2.7423243522644043 169
1740458071008 2.7404098510742188 170
1740458071110 2.7284505367279053 171
1740458071210 2.7218544483184814 172
1740458071310 2.7090914249420166 173
1740458071411 2.7056307792663574 174
1740458071523 2.706451892852783 175
1740458071625 2.6960458755493164 176
1740458071725 2.68730092048645 177
1740458071827 2.6885108947753906 178
1740458071927 2.6772217750549316 179
1740458072027 2.6752827167510986 180
1740458072141 2.6574575901031494 181
1740458072246 2.6603126525878906 182
1740458072360 2.650294303894043 183
1740458072461 2.644603967666626 184
1740458072556 2.6354455947875977 185
1740458072673 2.6357462406158447 186
1740458072781 2.6238620281219482 187
1740458072891 2.629019021987915 188
1740458072996 2.6126699447631836 189
1740458073098 2.601931571960449 190
1740458073215 2.5966694355010986 191
1740458073323 2.592978000640869 192
1740458073440 2.5921075344085693 193
1740458073550 2.590150833129883 194
1740458073654 2.5833449363708496 195
1740458073760 2.5764052867889404 196
1740458073866 2.5784480571746826 197
1740458073971 2.565596580505371 198
1740458074075 2.5491983890533447 199
