1740459790817 0.5541490912437439 0
1740459790929 0.5963431596755981 1
1740459791114 0.6315048933029175 2
1740459791267 0.6300984621047974 3
1740459791404 0.6582278609275818 4
1740459791521 0.6568213701248169 5
1740459791653 0.697609007358551 6
1740459791772 0.7383966445922852 7
1740459791884 0.7749648094177246 8
1740459791995 0.7904360294342041 9
1740459792110 0.800281286239624 10
1740459792232 0.7834036350250244 11
1740459792366 0.8101266026496887 12
1740459792508 0.797468364238739 13
1740459792635 0.7932489514350891 14
1740459792809 0.8213783502578735 15
1740459792958 0.8059071898460388 16
1740459793084 0.8059071898460388 17
1740459793244 0.8101266026496887 18
1740459793366 0.8143460154533386 19
1740459793499 0.8101266026496887 20
1740459793673 0.8129395246505737 21
1740459793821 0.8171589374542236 22
1740459793968 0.8143460154533386 23
1740459794125 0.8129395246505737 24
1740459794243 0.8115330338478088 25
1740459794406 0.8270041942596436 26
1740459794530 0.8016877770423889 27
1740459794683 0.8129395246505737 28
1740459794810 0.8143460154533386 29
1740459794945 0.8171589374542236 30
1740459795065 0.8213783502578735 31
1740459795181 0.8312236070632935 32
1740459795301 0.8171589374542236 33
1740459795438 0.8284106850624084 34
1740459795570 0.8199718594551086 35
1740459795698 0.8199718594551086 36
1740459795831 0.8101266026496887 37
1740459795932 0.8312236070632935 38
1740459796051 0.8326300978660583 39
1740459796188 0.8326300978660583 40
1740459796313 0.8368495106697083 41
1740459796476 0.8213783502578735 42
1740459796594 0.8213783502578735 43
1740459796702 0.8255977630615234 44
1740459796829 0.8312236070632935 45
1740459796950 0.8382560014724731 46
1740459797084 0.8396624326705933 47
1740459797195 0.8438818454742432 48
1740459797317 0.8396624326705933 49
1740459797430 0.8382560014724731 50
1740459797547 0.8368495106697083 51
1740459797665 0.8340365886688232 52
1740459797791 0.8312236070632935 53
1740459797912 0.8227847814559937 54
1740459798031 0.8284106850624084 55
1740459798149 0.8340365886688232 56
1740459798280 0.8270041942596436 57
1740459798395 0.8382560014724731 58
1740459798550 0.8396624326705933 59
1740459798662 0.8270041942596436 60
