1740459790817 0.5519347786903381 0
1740459790929 0.5519347786903381 1
1740459791114 0.5519347786903381 2
1740459791267 0.5519347786903381 3
1740459791404 0.5519347786903381 4
1740459791521 0.5519347786903381 5
1740459791653 0.5519347786903381 6
1740459791772 0.5519347786903381 7
1740459791884 0.5519347786903381 8
1740459791995 0.5519347786903381 9
1740459792110 0.5519347786903381 10
1740459792232 0.5519347786903381 11
1740459792366 0.5519347786903381 12
1740459792508 0.5519347786903381 13
1740459792635 0.5519347786903381 14
1740459792809 0.5519347786903381 15
1740459792958 0.5519347786903381 16
1740459793084 0.5519347786903381 17
1740459793244 0.5519347786903381 18
1740459793366 0.5519347786903381 19
1740459793499 0.5519347786903381 20
1740459793673 0.5519347786903381 21
1740459793821 0.5519347786903381 22
1740459793968 0.5519347786903381 23
1740459794125 0.5519347786903381 24
1740459794243 0.5519347786903381 25
1740459794406 0.5519347786903381 26
1740459794530 0.5519347786903381 27
1740459794683 0.5519347786903381 28
1740459794810 0.5519347786903381 29
1740459794945 0.5519347786903381 30
1740459795065 0.5519347786903381 31
1740459795181 0.5519347786903381 32
1740459795301 0.5519347786903381 33
1740459795438 0.5519347786903381 34
1740459795570 0.5519347786903381 35
1740459795698 0.5519347786903381 36
1740459795831 0.5519347786903381 37
1740459795932 0.5519347786903381 38
1740459796051 0.5519347786903381 39
1740459796188 0.5519347786903381 40
1740459796313 0.5519347786903381 41
1740459796476 0.5519347786903381 42
1740459796594 0.5519347786903381 43
1740459796702 0.5519347786903381 44
1740459796829 0.5519347786903381 45
1740459796950 0.5519347786903381 46
1740459797084 0.5519347786903381 47
1740459797195 0.5519347786903381 48
1740459797317 0.5519347786903381 49
1740459797430 0.5519347786903381 50
1740459797547 0.5519347786903381 51
1740459797665 0.5519347786903381 52
1740459797791 0.5519347786903381 53
1740459797912 0.5519347786903381 54
1740459798031 0.5519347786903381 55
1740459798149 0.5519347786903381 56
1740459798280 0.5519347786903381 57
1740459798395 0.5519347786903381 58
1740459798550 0.5519347786903381 59
1740459798662 0.5519347786903381 60
