1740459790817 3.9062461853027344 0
1740459790929 3.6493983268737793 1
1740459791114 3.4089672565460205 2
1740459791267 3.179654836654663 3
1740459791404 2.9631378650665283 4
1740459791521 2.7595863342285156 5
1740459791653 2.5674941539764404 6
1740459791772 2.3975107669830322 7
1740459791884 2.2433154582977295 8
1740459791995 2.1010799407958984 9
1740459792110 1.9705103635787964 10
1740459792232 1.8326107263565063 11
1740459792366 1.7194384336471558 12
1740459792508 1.632962703704834 13
1740459792635 1.5390980243682861 14
1740459792809 1.4520375728607178 15
1740459792958 1.364984154701233 16
1740459793084 1.297249436378479 17
1740459793244 1.2331534624099731 18
1740459793366 1.1747342348098755 19
1740459793499 1.1256365776062012 20
1740459793673 1.0780725479125977 21
1740459793821 1.025499701499939 22
1740459793968 0.9841146469116211 23
1740459794125 0.9295763373374939 24
1740459794243 0.9130872488021851 25
1740459794406 0.8735923171043396 26
1740459794530 0.8365529775619507 27
1740459794683 0.818743109703064 28
1740459794810 0.79460209608078 29
1740459794945 0.7717030048370361 30
1740459795065 0.7422457933425903 31
1740459795181 0.737200915813446 32
1740459795301 0.7041530609130859 33
1740459795438 0.7075051069259644 34
1740459795570 0.6975498795509338 35
1740459795698 0.6690564751625061 36
1740459795831 0.6709803938865662 37
1740459795932 0.6489822864532471 38
1740459796051 0.6580454111099243 39
1740459796188 0.6294151544570923 40
1740459796313 0.5974827408790588 41
1740459796476 0.6198180317878723 42
1740459796594 0.5998438596725464 43
1740459796702 0.6086378693580627 44
1740459796829 0.5834693312644958 45
1740459796950 0.6069474220275879 46
1740459797084 0.580631673336029 47
1740459797195 0.5719218850135803 48
1740459797317 0.5752307176589966 49
1740459797430 0.5634154081344604 50
1740459797547 0.5820794105529785 51
1740459797665 0.5569450259208679 52
1740459797791 0.5615040063858032 53
1740459797912 0.5712058544158936 54
1740459798031 0.562256395816803 55
1740459798149 0.5670973658561707 56
1740459798280 0.5530455112457275 57
1740459798395 0.5422922968864441 58
1740459798550 0.5481255054473877 59
1740459798662 0.5465837121009827 60
