1740459170220 0.5400843620300293 0
1740459170353 0.6300984621047974 1
1740459170486 0.6357243061065674 2
1740459170601 0.6216596364974976 3
1740459170718 0.6216596364974976 4
1740459170822 0.6272855401039124 5
1740459170935 0.6216596364974976 6
1740459171059 0.6216596364974976 7
1740459171171 0.6258790493011475 8
1740459171287 0.6455696225166321 9
1740459171407 0.6962025165557861 10
1740459171527 0.7848101258277893 11
1740459171651 0.7932489514350891 12
1740459171786 0.797468364238739 13
1740459171902 0.797468364238739 14
1740459172018 0.800281286239624 15
1740459172165 0.800281286239624 16
1740459172271 0.7960618734359741 17
1740459172422 0.8045006990432739 18
1740459172557 0.8157524466514587 19
1740459172687 0.8241912722587585 20
1740459172803 0.8326300978660583 21
1740459172929 0.8227847814559937 22
1740459173052 0.8312236070632935 23
1740459173165 0.8312236070632935 24
1740459173289 0.8298171758651733 25
1740459173405 0.8270041942596436 26
1740459173528 0.8241912722587585 27
1740459173639 0.8241912722587585 28
1740459173774 0.8270041942596436 29
1740459173887 0.8410689234733582 30
1740459174003 0.8410689234733582 31
1740459174137 0.8213783502578735 32
1740459174259 0.8298171758651733 33
1740459174381 0.8270041942596436 34
1740459174500 0.842475414276123 35
1740459174633 0.8340365886688232 36
1740459174756 0.8368495106697083 37
1740459174902 0.8298171758651733 38
1740459175027 0.8354430198669434 39
1740459175169 0.8382560014724731 40
1740459175289 0.8312236070632935 41
1740459175407 0.8326300978660583 42
1740459175521 0.8298171758651733 43
1740459175635 0.8354430198669434 44
1740459175753 0.8466947674751282 45
1740459175868 0.8255977630615234 46
1740459175987 0.842475414276123 47
1740459176105 0.8396624326705933 48
1740459176221 0.8452883362770081 49
1740459176340 0.849507749080658 50
1740459176471 0.8241912722587585 51
1740459176585 0.8270041942596436 52
1740459176708 0.8326300978660583 53
1740459176837 0.8354430198669434 54
1740459176969 0.8565400838851929 55
1740459177085 0.842475414276123 56
1740459177219 0.8368495106697083 57
1740459177344 0.8509141802787781 58
1740459177455 0.8368495106697083 59
1740459177587 0.8368495106697083 60
1740459177718 0.8368495106697083 61
1740459177838 0.8284106850624084 62
1740459177961 0.8255977630615234 63
1740459178092 0.8438818454742432 64
1740459178209 0.8171589374542236 65
1740459178324 0.8326300978660583 66
1740459178451 0.8452883362770081 67
1740459178581 0.855133593082428 68
1740459178710 0.8354430198669434 69
1740459178822 0.8466947674751282 70
1740459178956 0.8410689234733582 71
1740459179087 0.842475414276123 72
1740459179220 0.8340365886688232 73
1740459179344 0.8438818454742432 74
1740459179455 0.8396624326705933 75
1740459179605 0.842475414276123 76
1740459179751 0.8340365886688232 77
1740459179872 0.8255977630615234 78
1740459180018 0.8509141802787781 79
1740459180151 0.8340365886688232 80
1740459180278 0.8382560014724731 81
1740459180389 0.849507749080658 82
1740459180522 0.8481012582778931 83
1740459180650 0.8298171758651733 84
1740459180774 0.8438818454742432 85
1740459180889 0.8452883362770081 86
1740459181022 0.8396624326705933 87
1740459181135 0.8438818454742432 88
1740459181268 0.852320671081543 89
1740459181389 0.8452883362770081 90
1740459181504 0.8452883362770081 91
1740459181623 0.849507749080658 92
1740459181744 0.8452883362770081 93
1740459181865 0.8396624326705933 94
1740459181984 0.8396624326705933 95
1740459182118 0.8382560014724731 96
1740459182273 0.852320671081543 97
1740459182414 0.8410689234733582 98
1740459182548 0.8438818454742432 99
1740459182678 0.8382560014724731 100
1740459182801 0.8452883362770081 101
1740459182918 0.8396624326705933 102
