1740459170220 0.5519347786903381 0
1740459170353 0.5519347786903381 1
1740459170486 0.5519347786903381 2
1740459170601 0.5519347786903381 3
1740459170718 0.5519347786903381 4
1740459170822 0.5519347786903381 5
1740459170935 0.5519347786903381 6
1740459171059 0.5519347786903381 7
1740459171171 0.5519347786903381 8
1740459171287 0.5519347786903381 9
1740459171407 0.5519347786903381 10
1740459171527 0.5519347786903381 11
1740459171651 0.5519347786903381 12
1740459171786 0.5519347786903381 13
1740459171902 0.5519347786903381 14
1740459172018 0.5519347786903381 15
1740459172165 0.5519347786903381 16
1740459172271 0.5519347786903381 17
1740459172422 0.5519347786903381 18
1740459172557 0.5519347786903381 19
1740459172687 0.5519347786903381 20
1740459172803 0.5519347786903381 21
1740459172929 0.5519347786903381 22
1740459173052 0.5519347786903381 23
1740459173165 0.5519347786903381 24
1740459173289 0.5519347786903381 25
1740459173405 0.5519347786903381 26
1740459173528 0.5519347786903381 27
1740459173639 0.5519347786903381 28
1740459173774 0.5519347786903381 29
1740459173887 0.5519347786903381 30
1740459174003 0.5519347786903381 31
1740459174137 0.5519347786903381 32
1740459174259 0.5519347786903381 33
1740459174381 0.5519347786903381 34
1740459174500 0.5519347786903381 35
1740459174633 0.5519347786903381 36
1740459174756 0.5519347786903381 37
1740459174902 0.5519347786903381 38
1740459175027 0.5519347786903381 39
1740459175169 0.5519347786903381 40
1740459175289 0.5519347786903381 41
1740459175407 0.5519347786903381 42
1740459175521 0.5519347786903381 43
1740459175635 0.5519347786903381 44
1740459175753 0.5519347786903381 45
1740459175868 0.5519347786903381 46
1740459175987 0.5519347786903381 47
1740459176105 0.5519347786903381 48
1740459176221 0.5519347786903381 49
1740459176340 0.5519347786903381 50
1740459176471 0.5519347786903381 51
1740459176585 0.5519347786903381 52
1740459176708 0.5519347786903381 53
1740459176837 0.5519347786903381 54
1740459176969 0.5519347786903381 55
1740459177085 0.5519347786903381 56
1740459177219 0.5519347786903381 57
1740459177344 0.5519347786903381 58
1740459177455 0.5519347786903381 59
1740459177587 0.5519347786903381 60
1740459177718 0.5519347786903381 61
1740459177838 0.5519347786903381 62
1740459177961 0.5519347786903381 63
1740459178092 0.5519347786903381 64
1740459178209 0.5519347786903381 65
1740459178324 0.5519347786903381 66
1740459178451 0.5519347786903381 67
1740459178581 0.5519347786903381 68
1740459178710 0.5519347786903381 69
1740459178822 0.5519347786903381 70
1740459178956 0.5519347786903381 71
1740459179087 0.5519347786903381 72
1740459179220 0.5519347786903381 73
1740459179344 0.5519347786903381 74
1740459179455 0.5519347786903381 75
1740459179605 0.5519347786903381 76
1740459179751 0.5519347786903381 77
1740459179872 0.5519347786903381 78
1740459180018 0.5519347786903381 79
1740459180151 0.5519347786903381 80
1740459180278 0.5519347786903381 81
1740459180389 0.5519347786903381 82
1740459180522 0.5519347786903381 83
1740459180650 0.5519347786903381 84
1740459180774 0.5519347786903381 85
1740459180889 0.5519347786903381 86
1740459181022 0.5519347786903381 87
1740459181135 0.5519347786903381 88
1740459181268 0.5519347786903381 89
1740459181389 0.5519347786903381 90
1740459181504 0.5519347786903381 91
1740459181623 0.5519347786903381 92
1740459181744 0.5519347786903381 93
1740459181865 0.5519347786903381 94
1740459181984 0.5519347786903381 95
1740459182118 0.5519347786903381 96
1740459182273 0.5519347786903381 97
1740459182414 0.5519347786903381 98
1740459182548 0.5519347786903381 99
1740459182678 0.5519347786903381 100
1740459182801 0.5519347786903381 101
1740459182918 0.5519347786903381 102
