1740459170220 5.14718770980835 0
1740459170353 4.785468578338623 1
1740459170486 4.446665287017822 2
1740459170601 4.132298946380615 3
1740459170718 3.837005853652954 4
1740459170822 3.5604379177093506 5
1740459170935 3.3114330768585205 6
1740459171059 3.077670097351074 7
1740459171171 2.8598477840423584 8
1740459171287 2.655036449432373 9
1740459171407 2.4657487869262695 10
1740459171527 2.276663064956665 11
1740459171651 2.107550859451294 12
1740459171786 1.9493377208709717 13
1740459171902 1.815624713897705 14
1740459172018 1.6980736255645752 15
1740459172165 1.5993518829345703 16
1740459172271 1.5000253915786743 17
1740459172422 1.4013543128967285 18
1740459172557 1.322091817855835 19
1740459172687 1.2490839958190918 20
1740459172803 1.1870367527008057 21
1740459172929 1.1234060525894165 22
1740459173052 1.067726969718933 23
1740459173165 1.0156207084655762 24
1740459173289 0.9778686761856079 25
1740459173405 0.9460206031799316 26
1740459173528 0.8993434906005859 27
1740459173639 0.8661616444587708 28
1740459173774 0.8428350687026978 29
1740459173887 0.8042992949485779 30
1740459174003 0.772806704044342 31
1740459174137 0.7635437846183777 32
1740459174259 0.7420257925987244 33
1740459174381 0.7171655893325806 34
1740459174500 0.6858265995979309 35
1740459174633 0.6801119446754456 36
1740459174756 0.6714658141136169 37
1740459174902 0.6613380908966064 38
1740459175027 0.6507103443145752 39
1740459175169 0.6314265131950378 40
1740459175289 0.6210423111915588 41
1740459175407 0.6057127118110657 42
1740459175521 0.61265629529953 43
1740459175635 0.594170093536377 44
1740459175753 0.5944145321846008 45
1740459175868 0.5948684811592102 46
1740459175987 0.5731141567230225 47
1740459176105 0.5716705918312073 48
1740459176221 0.5640372633934021 49
1740459176340 0.5558566451072693 50
1740459176471 0.5748724341392517 51
1740459176585 0.5647639036178589 52
1740459176708 0.551993191242218 53
1740459176837 0.5543590784072876 54
1740459176969 0.5409327149391174 55
1740459177085 0.5470373034477234 56
1740459177219 0.5496624708175659 57
1740459177344 0.5338882207870483 58
1740459177455 0.5310888886451721 59
1740459177587 0.5394795536994934 60
1740459177718 0.5398240089416504 61
1740459177838 0.5444427728652954 62
1740459177961 0.543437123298645 63
1740459178092 0.5226113200187683 64
1740459178209 0.529535710811615 65
1740459178324 0.535603404045105 66
1740459178451 0.5373497009277344 67
1740459178581 0.5098687410354614 68
1740459178710 0.5384836196899414 69
1740459178822 0.5328903794288635 70
1740459178956 0.525508463382721 71
1740459179087 0.5282121896743774 72
1740459179220 0.5315975546836853 73
1740459179344 0.5232301354408264 74
1740459179455 0.5294444561004639 75
1740459179605 0.5242877006530762 76
1740459179751 0.5293115377426147 77
1740459179872 0.5237642526626587 78
1740459180018 0.5114113092422485 79
1740459180151 0.5231159925460815 80
1740459180278 0.5136836171150208 81
1740459180389 0.5192252397537231 82
1740459180522 0.5093666911125183 83
1740459180650 0.5171903371810913 84
1740459180774 0.5166406631469727 85
1740459180889 0.5032980442047119 86
1740459181022 0.5124820470809937 87
1740459181135 0.5182672739028931 88
1740459181268 0.5055891871452332 89
1740459181389 0.509604811668396 90
1740459181504 0.5193847417831421 91
1740459181623 0.5173305869102478 92
1740459181744 0.509451687335968 93
1740459181865 0.5148777365684509 94
1740459181984 0.5117402672767639 95
1740459182118 0.5061241388320923 96
1740459182273 0.5063943862915039 97
1740459182414 0.5141764283180237 98
1740459182548 0.516473650932312 99
1740459182678 0.5196288228034973 100
1740459182801 0.5032271146774292 101
1740459182918 0.5116424560546875 102
