1740457003044 0.4655414819717407 0
1740457003144 0.6413502097129822 1
1740457003244 0.6751055121421814 2
1740457003360 0.7201125025749207 3
1740457003461 0.7229254841804504 4
1740457003560 0.7538678050041199 5
1740457003668 0.7735583782196045 6
1740457003768 0.7777777910232544 7
1740457003881 0.7749648094177246 8
1740457003977 0.7777777910232544 9
1740457004077 0.7876230478286743 10
1740457004177 0.7848101258277893 11
1740457004281 0.7988747954368591 12
1740457004380 0.8045006990432739 13
1740457004492 0.7988747954368591 14
1740457004576 0.8073136210441589 15
1740457004679 0.8073136210441589 16
1740457004793 0.794655442237854 17
1740457004899 0.8045006990432739 18
1740457005001 0.8199718594551086 19
1740457005094 0.8157524466514587 20
1740457005216 0.8143460154533386 21
1740457005319 0.8087201118469238 22
1740457005432 0.8213783502578735 23
1740457005548 0.8115330338478088 24
1740457005647 0.8171589374542236 25
1740457005741 0.8227847814559937 26
1740457005846 0.8227847814559937 27
1740457005963 0.8171589374542236 28
1740457006077 0.8171589374542236 29
1740457006183 0.8255977630615234 30
1740457006282 0.8340365886688232 31
1740457006399 0.8101266026496887 32
1740457006509 0.8368495106697083 33
1740457006610 0.8129395246505737 34
1740457006713 0.8326300978660583 35
1740457006813 0.8227847814559937 36
1740457006916 0.8227847814559937 37
1740457007011 0.8340365886688232 38
1740457007123 0.8227847814559937 39
1740457007211 0.8298171758651733 40
1740457007316 0.8227847814559937 41
1740457007424 0.8241912722587585 42
1740457007527 0.8354430198669434 43
1740457007628 0.8227847814559937 44
1740457007726 0.8284106850624084 45
1740457007826 0.8270041942596436 46
1740457007931 0.8255977630615234 47
1740457008047 0.8368495106697083 48
1740457008162 0.8298171758651733 49
1740457008268 0.8340365886688232 50
1740457008360 0.8227847814559937 51
1740457008462 0.8312236070632935 52
1740457008577 0.8270041942596436 53
1740457008690 0.8255977630615234 54
1740457008795 0.8368495106697083 55
1740457008899 0.8199718594551086 56
1740457009012 0.8340365886688232 57
1740457009115 0.8438818454742432 58
1740457009229 0.8396624326705933 59
1740457009325 0.8087201118469238 60
1740457009426 0.8382560014724731 61
1740457009528 0.8354430198669434 62
1740457009640 0.8410689234733582 63
1740457009740 0.8396624326705933 64
1740457009840 0.8227847814559937 65
1740457009944 0.8382560014724731 66
1740457010043 0.8298171758651733 67
1740457010149 0.8227847814559937 68
1740457010243 0.8270041942596436 69
1740457010359 0.8354430198669434 70
1740457010463 0.8298171758651733 71
1740457010559 0.8270041942596436 72
1740457010666 0.842475414276123 73
1740457010803 0.8452883362770081 74
