1740457003044 0.5519347786903381 0
1740457003144 0.5519347786903381 1
1740457003244 0.5519347786903381 2
1740457003360 0.5519347786903381 3
1740457003461 0.5519347786903381 4
1740457003560 0.5519347786903381 5
1740457003668 0.5519347786903381 6
1740457003768 0.5519347786903381 7
1740457003881 0.5519347786903381 8
1740457003977 0.5519347786903381 9
1740457004077 0.5519347786903381 10
1740457004177 0.5519347786903381 11
1740457004281 0.5519347786903381 12
1740457004380 0.5519347786903381 13
1740457004492 0.5519347786903381 14
1740457004576 0.5519347786903381 15
1740457004679 0.5519347786903381 16
1740457004793 0.5519347786903381 17
1740457004899 0.5519347786903381 18
1740457005001 0.5519347786903381 19
1740457005094 0.5519347786903381 20
1740457005216 0.5519347786903381 21
1740457005319 0.5519347786903381 22
1740457005432 0.5519347786903381 23
1740457005548 0.5519347786903381 24
1740457005647 0.5519347786903381 25
1740457005741 0.5519347786903381 26
1740457005846 0.5519347786903381 27
1740457005963 0.5519347786903381 28
1740457006077 0.5519347786903381 29
1740457006183 0.5519347786903381 30
1740457006282 0.5519347786903381 31
1740457006399 0.5519347786903381 32
1740457006509 0.5519347786903381 33
1740457006610 0.5519347786903381 34
1740457006713 0.5519347786903381 35
1740457006813 0.5519347786903381 36
1740457006916 0.5519347786903381 37
1740457007011 0.5519347786903381 38
1740457007123 0.5519347786903381 39
1740457007211 0.5519347786903381 40
1740457007316 0.5519347786903381 41
1740457007424 0.5519347786903381 42
1740457007527 0.5519347786903381 43
1740457007628 0.5519347786903381 44
1740457007726 0.5519347786903381 45
1740457007826 0.5519347786903381 46
1740457007931 0.5519347786903381 47
1740457008047 0.5519347786903381 48
1740457008162 0.5519347786903381 49
1740457008268 0.5519347786903381 50
1740457008360 0.5519347786903381 51
1740457008462 0.5519347786903381 52
1740457008577 0.5519347786903381 53
1740457008690 0.5519347786903381 54
1740457008795 0.5519347786903381 55
1740457008899 0.5519347786903381 56
1740457009012 0.5519347786903381 57
1740457009115 0.5519347786903381 58
1740457009229 0.5519347786903381 59
1740457009325 0.5519347786903381 60
1740457009426 0.5519347786903381 61
1740457009528 0.5519347786903381 62
1740457009640 0.5519347786903381 63
1740457009740 0.5519347786903381 64
1740457009840 0.5519347786903381 65
1740457009944 0.5519347786903381 66
1740457010043 0.5519347786903381 67
1740457010149 0.5519347786903381 68
1740457010243 0.5519347786903381 69
1740457010359 0.5519347786903381 70
1740457010463 0.5519347786903381 71
1740457010559 0.5519347786903381 72
1740457010666 0.5519347786903381 73
1740457010803 0.5519347786903381 74
