1740457003044 3.9445106983184814 0
1740457003144 3.683023691177368 1
1740457003244 3.447519063949585 2
1740457003360 3.2197110652923584 3
1740457003461 3.0113768577575684 4
1740457003560 2.817361831665039 5
1740457003668 2.630344867706299 6
1740457003768 2.449143648147583 7
1740457003881 2.294666290283203 8
1740457003977 2.1337571144104004 9
1740457004077 2.017260789871216 10
1740457004177 1.865330696105957 11
1740457004281 1.759922742843628 12
1740457004380 1.6468311548233032 13
1740457004492 1.5407828092575073 14
1740457004576 1.4638752937316895 15
1740457004679 1.392099142074585 16
1740457004793 1.332824468612671 17
1740457004899 1.2664177417755127 18
1740457005001 1.186091423034668 19
1740457005094 1.141420841217041 20
1740457005216 1.0970838069915771 21
1740457005319 1.0369681119918823 22
1740457005432 0.9972335696220398 23
1740457005548 0.9779502749443054 24
1740457005647 0.9195719957351685 25
1740457005741 0.8919954299926758 26
1740457005846 0.8491567969322205 27
1740457005963 0.834804356098175 28
1740457006077 0.7928311228752136 29
1740457006183 0.7836043834686279 30
1740457006282 0.7494228482246399 31
1740457006399 0.7461040616035461 32
1740457006509 0.722206711769104 33
1740457006610 0.7189022898674011 34
1740457006713 0.6929649114608765 35
1740457006813 0.6862494945526123 36
1740457006916 0.6670958399772644 37
1740457007011 0.6662678122520447 38
1740457007123 0.6514245867729187 39
1740457007211 0.642365038394928 40
1740457007316 0.6382403373718262 41
1740457007424 0.6293886303901672 42
1740457007527 0.6096783876419067 43
1740457007628 0.6176891922950745 44
1740457007726 0.6140709519386292 45
1740457007826 0.5960756540298462 46
1740457007931 0.5733734369277954 47
1740457008047 0.5851154327392578 48
1740457008162 0.5959137678146362 49
1740457008268 0.5733306407928467 50
1740457008360 0.5734691023826599 51
1740457008462 0.5598421096801758 52
1740457008577 0.5667740702629089 53
1740457008690 0.5697713494300842 54
1740457008795 0.5552672743797302 55
1740457008899 0.5565838813781738 56
1740457009012 0.5483826994895935 57
1740457009115 0.5533468723297119 58
1740457009229 0.5628708600997925 59
1740457009325 0.5683851838111877 60
1740457009426 0.5530716180801392 61
1740457009528 0.5524532198905945 62
1740457009640 0.5534747242927551 63
1740457009740 0.5474570393562317 64
1740457009840 0.5527145266532898 65
1740457009944 0.5498692393302917 66
1740457010043 0.5390424728393555 67
1740457010149 0.5567009449005127 68
1740457010243 0.5527292490005493 69
1740457010359 0.5333396792411804 70
1740457010463 0.5411757230758667 71
1740457010559 0.5428507924079895 72
1740457010666 0.5473705530166626 73
1740457010803 0.5490472912788391 74
