1740458583700 0.38818565011024475 0
1740458583817 0.40646976232528687 1
1740458583921 0.427566796541214 2
1740458584024 0.4767932593822479 3
1740458584116 0.5358649492263794 4
1740458584239 0.6033755540847778 5
1740458584348 0.6188467144966125 6
1740458584446 0.6272855401039124 7
1740458584548 0.655414879322052 8
1740458584670 0.6357243061065674 9
1740458584765 0.6371307969093323 10
1740458584888 0.6315048933029175 11
1740458584988 0.6315048933029175 12
1740458585093 0.6188467144966125 13
1740458585185 0.6315048933029175 14
1740458585300 0.6258790493011475 15
1740458585403 0.6300984621047974 16
1740458585508 0.6258790493011475 17
1740458585610 0.6216596364974976 18
1740458585711 0.6272855401039124 19
1740458585803 0.6258790493011475 20
1740458585901 0.6244725584983826 21
1740458586002 0.6216596364974976 22
1740458586099 0.6216596364974976 23
1740458586202 0.6216596364974976 24
1740458586302 0.6216596364974976 25
1740458586409 0.6230661273002625 26
1740458586502 0.6216596364974976 27
1740458586607 0.6160337328910828 28
1740458586705 0.6174402236938477 29
1740458586798 0.6202531456947327 30
1740458586901 0.6146273016929626 31
1740458587001 0.6216596364974976 32
1740458587103 0.6244725584983826 33
1740458587205 0.6230661273002625 34
1740458587302 0.6258790493011475 35
1740458587401 0.6216596364974976 36
1740458587501 0.6230661273002625 37
1740458587599 0.6216596364974976 38
1740458587700 0.6174402236938477 39
1740458587803 0.6202531456947327 40
1740458587906 0.6216596364974976 41
1740458588000 0.6230661273002625 42
1740458588099 0.6202531456947327 43
1740458588201 0.6216596364974976 44
1740458588302 0.6174402236938477 45
1740458588401 0.6258790493011475 46
1740458588502 0.6230661273002625 47
1740458588597 0.6216596364974976 48
1740458588697 0.6230661273002625 49
1740458588805 0.6300984621047974 50
1740458588897 0.6216596364974976 51
1740458589001 0.6216596364974976 52
1740458589101 0.6258790493011475 53
1740458589198 0.6244725584983826 54
1740458589298 0.6315048933029175 55
1740458589402 0.6258790493011475 56
1740458589497 0.6272855401039124 57
1740458589607 0.6258790493011475 58
1740458589718 0.6230661273002625 59
1740458589813 0.6272855401039124 60
1740458589921 0.6315048933029175 61
1740458590013 0.6216596364974976 62
1740458590115 0.6286919713020325 63
1740458590213 0.6343178749084473 64
1740458590315 0.6343178749084473 65
1740458590418 0.6315048933029175 66
1740458590519 0.6357243061065674 67
1740458590647 0.6371307969093323 68
1740458590753 0.6357243061065674 69
1740458590850 0.6286919713020325 70
1740458590951 0.6315048933029175 71
1740458591055 0.6357243061065674 72
1740458591146 0.6371307969093323 73
1740458591248 0.6399437189102173 74
1740458591354 0.649789035320282 75
1740458591451 0.6413502097129822 76
1740458591553 0.6427567005157471 77
1740458591654 0.649789035320282 78
1740458591765 0.6540084481239319 79
1740458591870 0.652601957321167 80
1740458591963 0.6540084481239319 81
1740458592065 0.652601957321167 82
1740458592171 0.6399437189102173 83
1740458592272 0.6596342921257019 84
1740458592714 0.646976113319397 85
1740458592818 0.6596342921257019 86
1740458592913 0.6568213701248169 87
1740458592998 0.6610407829284668 88
1740458593107 0.6765119433403015 89
1740458593208 0.6694796085357666 90
1740458593314 0.6708860993385315 91
1740458593418 0.6793248653411865 92
1740458593521 0.6793248653411865 93
1740458593617 0.6751055121421814 94
1740458593736 0.6835442781448364 95
1740458593838 0.6891701817512512 96
1740458593938 0.6905766725540161 97
1740458594055 0.6877636909484863 98
1740458594171 0.6877636909484863 99
1740458594264 0.6863572597503662 100
1740458594387 0.6962025165557861 101
1740458594503 0.7116736769676208 102
1740458594622 0.7116736769676208 103
1740458594739 0.694796085357666 104
1740458594851 0.7172995805740356 105
1740458594953 0.7215189933776855 106
1740458595052 0.7215189933776855 107
1740458595145 0.7060478329658508 108
1740458595279 0.7299578189849854 109
1740458595384 0.7355836629867554 110
1740458595479 0.7355836629867554 111
1740458595580 0.7398030757904053 112
1740458595686 0.7327707409858704 113
1740458595785 0.7440224885940552 114
1740458595886 0.7285513281822205 115
1740458595986 0.746835470199585 116
1740458596089 0.7580872178077698 117
1740458596181 0.7538678050041199 118
1740458596281 0.7763713002204895 119
1740458596385 0.7594936490058899 120
1740458596486 0.7791842222213745 121
1740458596598 0.7609001398086548 122
1740458596700 0.75527423620224 123
1740458596798 0.7609001398086548 124
1740458596902 0.7665260434150696 125
1740458597006 0.7693389654159546 126
1740458597098 0.7735583782196045 127
1740458597203 0.7721518874168396 128
1740458597298 0.7679324746131897 129
1740458597404 0.7735583782196045 130
1740458597518 0.7805907130241394 131
1740458597634 0.7707454562187195 132
1740458597740 0.7918424606323242 133
1740458597832 0.794655442237854 134
1740458597934 0.7848101258277893 135
1740458598032 0.7819972038269043 136
1740458598148 0.7960618734359741 137
1740458598255 0.7848101258277893 138
1740458598348 0.7862166166305542 139
1740458598452 0.7862166166305542 140
1740458598586 0.7805907130241394 141
1740458598686 0.797468364238739 142
1740458598788 0.7918424606323242 143
1740458598886 0.7777777910232544 144
1740458598982 0.7918424606323242 145
1740458599081 0.7791842222213745 146
1740458599201 0.7932489514350891 147
1740458599305 0.7988747954368591 148
1740458599406 0.797468364238739 149
1740458599498 0.7960618734359741 150
1740458599602 0.7834036350250244 151
1740458599698 0.7834036350250244 152
1740458599807 0.797468364238739 153
1740458599903 0.794655442237854 154
1740458600017 0.7960618734359741 155
1740458600117 0.7904360294342041 156
1740458600218 0.803094208240509 157
1740458600318 0.8073136210441589 158
1740458600423 0.7876230478286743 159
1740458600515 0.7960618734359741 160
1740458600619 0.8059071898460388 161
1740458600723 0.8087201118469238 162
1740458600815 0.7890295386314392 163
1740458600918 0.794655442237854 164
1740458601016 0.8087201118469238 165
1740458601116 0.803094208240509 166
1740458601217 0.7890295386314392 167
1740458601319 0.7904360294342041 168
1740458601419 0.800281286239624 169
1740458601519 0.800281286239624 170
1740458601617 0.797468364238739 171
1740458601724 0.8045006990432739 172
1740458601833 0.8073136210441589 173
1740458601948 0.8115330338478088 174
1740458602068 0.8115330338478088 175
1740458602169 0.8073136210441589 176
1740458602285 0.8045006990432739 177
1740458602402 0.8101266026496887 178
1740458602522 0.8073136210441589 179
1740458602619 0.800281286239624 180
1740458602732 0.8143460154533386 181
1740458602839 0.794655442237854 182
1740458602950 0.8045006990432739 183
1740458603050 0.7960618734359741 184
1740458603151 0.8087201118469238 185
1740458603251 0.800281286239624 186
1740458603348 0.8045006990432739 187
1740458603448 0.797468364238739 188
1740458603557 0.8185654282569885 189
1740458603669 0.803094208240509 190
1740458603768 0.803094208240509 191
1740458603872 0.800281286239624 192
1740458603969 0.8101266026496887 193
1740458604065 0.8143460154533386 194
1740458604180 0.8016877770423889 195
1740458604286 0.8073136210441589 196
1740458604386 0.803094208240509 197
1740458604485 0.8016877770423889 198
1740458604587 0.8073136210441589 199
