1740458583700 0.5519347786903381 0
1740458583817 0.5519347786903381 1
1740458583921 0.5519347786903381 2
1740458584024 0.5519347786903381 3
1740458584116 0.5519347786903381 4
1740458584239 0.5519347786903381 5
1740458584348 0.5519347786903381 6
1740458584446 0.5519347786903381 7
1740458584548 0.5519347786903381 8
1740458584670 0.5519347786903381 9
1740458584765 0.5519347786903381 10
1740458584888 0.5519347786903381 11
1740458584988 0.5519347786903381 12
1740458585093 0.5519347786903381 13
1740458585185 0.5519347786903381 14
1740458585300 0.5519347786903381 15
1740458585403 0.5519347786903381 16
1740458585508 0.5519347786903381 17
1740458585610 0.5519347786903381 18
1740458585711 0.5519347786903381 19
1740458585803 0.5519347786903381 20
1740458585901 0.5519347786903381 21
1740458586002 0.5519347786903381 22
1740458586099 0.5519347786903381 23
1740458586202 0.5519347786903381 24
1740458586302 0.5519347786903381 25
1740458586409 0.5519347786903381 26
1740458586502 0.5519347786903381 27
1740458586607 0.5519347786903381 28
1740458586705 0.5519347786903381 29
1740458586798 0.5519347786903381 30
1740458586901 0.5519347786903381 31
1740458587001 0.5519347786903381 32
1740458587103 0.5519347786903381 33
1740458587205 0.5519347786903381 34
1740458587302 0.5519347786903381 35
1740458587401 0.5519347786903381 36
1740458587501 0.5519347786903381 37
1740458587599 0.5519347786903381 38
1740458587700 0.5519347786903381 39
1740458587803 0.5519347786903381 40
1740458587906 0.5519347786903381 41
1740458588000 0.5519347786903381 42
1740458588099 0.5519347786903381 43
1740458588201 0.5519347786903381 44
1740458588302 0.5519347786903381 45
1740458588401 0.5519347786903381 46
1740458588502 0.5519347786903381 47
1740458588597 0.5519347786903381 48
1740458588697 0.5519347786903381 49
1740458588805 0.5519347786903381 50
1740458588897 0.5519347786903381 51
1740458589001 0.5519347786903381 52
1740458589101 0.5519347786903381 53
1740458589198 0.5519347786903381 54
1740458589298 0.5519347786903381 55
1740458589402 0.5519347786903381 56
1740458589497 0.5519347786903381 57
1740458589607 0.5519347786903381 58
1740458589718 0.5519347786903381 59
1740458589813 0.5519347786903381 60
1740458589921 0.5519347786903381 61
1740458590013 0.5519347786903381 62
1740458590115 0.5519347786903381 63
1740458590213 0.5519347786903381 64
1740458590315 0.5519347786903381 65
1740458590418 0.5519347786903381 66
1740458590519 0.5519347786903381 67
1740458590647 0.5519347786903381 68
1740458590753 0.5519347786903381 69
1740458590850 0.5519347786903381 70
1740458590951 0.5519347786903381 71
1740458591055 0.5519347786903381 72
1740458591146 0.5519347786903381 73
1740458591248 0.5519347786903381 74
1740458591354 0.5519347786903381 75
1740458591451 0.5519347786903381 76
1740458591553 0.5519347786903381 77
1740458591654 0.5519347786903381 78
1740458591765 0.5519347786903381 79
1740458591870 0.5519347786903381 80
1740458591963 0.5519347786903381 81
1740458592065 0.5519347786903381 82
1740458592171 0.5519347786903381 83
1740458592272 0.5519347786903381 84
1740458592714 0.5519347786903381 85
1740458592818 0.5519347786903381 86
1740458592913 0.5519347786903381 87
1740458592998 0.5519347786903381 88
1740458593107 0.5519347786903381 89
1740458593208 0.5519347786903381 90
1740458593314 0.5519347786903381 91
1740458593418 0.5519347786903381 92
1740458593521 0.5519347786903381 93
1740458593617 0.5519347786903381 94
1740458593736 0.5519347786903381 95
1740458593838 0.5519347786903381 96
1740458593938 0.5519347786903381 97
1740458594055 0.5519347786903381 98
1740458594171 0.5519347786903381 99
1740458594264 0.5519347786903381 100
1740458594387 0.5519347786903381 101
1740458594503 0.5519347786903381 102
1740458594622 0.5519347786903381 103
1740458594739 0.5519347786903381 104
1740458594851 0.5519347786903381 105
1740458594953 0.5519347786903381 106
1740458595052 0.5519347786903381 107
1740458595145 0.5519347786903381 108
1740458595279 0.5519347786903381 109
1740458595384 0.5519347786903381 110
1740458595479 0.5519347786903381 111
1740458595580 0.5519347786903381 112
1740458595686 0.5519347786903381 113
1740458595785 0.5519347786903381 114
1740458595886 0.5519347786903381 115
1740458595986 0.5519347786903381 116
1740458596089 0.5519347786903381 117
1740458596181 0.5519347786903381 118
1740458596281 0.5519347786903381 119
1740458596385 0.5519347786903381 120
1740458596486 0.5519347786903381 121
1740458596598 0.5519347786903381 122
1740458596700 0.5519347786903381 123
1740458596798 0.5519347786903381 124
1740458596902 0.5519347786903381 125
1740458597006 0.5519347786903381 126
1740458597098 0.5519347786903381 127
1740458597203 0.5519347786903381 128
1740458597298 0.5519347786903381 129
1740458597404 0.5519347786903381 130
1740458597518 0.5519347786903381 131
1740458597634 0.5519347786903381 132
1740458597740 0.5519347786903381 133
1740458597832 0.5519347786903381 134
1740458597934 0.5519347786903381 135
1740458598032 0.5519347786903381 136
1740458598148 0.5519347786903381 137
1740458598255 0.5519347786903381 138
1740458598348 0.5519347786903381 139
1740458598452 0.5519347786903381 140
1740458598586 0.5519347786903381 141
1740458598686 0.5519347786903381 142
1740458598788 0.5519347786903381 143
1740458598886 0.5519347786903381 144
1740458598982 0.5519347786903381 145
1740458599081 0.5519347786903381 146
1740458599201 0.5519347786903381 147
1740458599305 0.5519347786903381 148
1740458599406 0.5519347786903381 149
1740458599498 0.5519347786903381 150
1740458599602 0.5519347786903381 151
1740458599698 0.5519347786903381 152
1740458599807 0.5519347786903381 153
1740458599903 0.5519347786903381 154
1740458600017 0.5519347786903381 155
1740458600117 0.5519347786903381 156
1740458600218 0.5519347786903381 157
1740458600318 0.5519347786903381 158
1740458600423 0.5519347786903381 159
1740458600515 0.5519347786903381 160
1740458600619 0.5519347786903381 161
1740458600723 0.5519347786903381 162
1740458600815 0.5519347786903381 163
1740458600918 0.5519347786903381 164
1740458601016 0.5519347786903381 165
1740458601116 0.5519347786903381 166
1740458601217 0.5519347786903381 167
1740458601319 0.5519347786903381 168
1740458601419 0.5519347786903381 169
1740458601519 0.5519347786903381 170
1740458601617 0.5519347786903381 171
1740458601724 0.5519347786903381 172
1740458601833 0.5519347786903381 173
1740458601948 0.5519347786903381 174
1740458602068 0.5519347786903381 175
1740458602169 0.5519347786903381 176
1740458602285 0.5519347786903381 177
1740458602402 0.5519347786903381 178
1740458602522 0.5519347786903381 179
1740458602619 0.5519347786903381 180
1740458602732 0.5519347786903381 181
1740458602839 0.5519347786903381 182
1740458602950 0.5519347786903381 183
1740458603050 0.5519347786903381 184
1740458603151 0.5519347786903381 185
1740458603251 0.5519347786903381 186
1740458603348 0.5519347786903381 187
1740458603448 0.5519347786903381 188
1740458603557 0.5519347786903381 189
1740458603669 0.5519347786903381 190
1740458603768 0.5519347786903381 191
1740458603872 0.5519347786903381 192
1740458603969 0.5519347786903381 193
1740458604065 0.5519347786903381 194
1740458604180 0.5519347786903381 195
1740458604286 0.5519347786903381 196
1740458604386 0.5519347786903381 197
1740458604485 0.5519347786903381 198
1740458604587 0.5519347786903381 199
