1740458583700 3.991589307785034 0
1740458583817 3.9813272953033447 1
1740458583921 3.9715020656585693 2
1740458584024 3.961254835128784 3
1740458584116 3.9496288299560547 4
1740458584239 3.9381895065307617 5
1740458584348 3.928088426589966 6
1740458584446 3.9201736450195312 7
1740458584548 3.9080393314361572 8
1740458584670 3.901279926300049 9
1740458584765 3.8910446166992188 10
1740458584888 3.8819093704223633 11
1740458584988 3.87251353263855 12
1740458585093 3.861830472946167 13
1740458585185 3.8542251586914062 14
1740458585300 3.8443379402160645 15
1740458585403 3.8345468044281006 16
1740458585508 3.8288111686706543 17
1740458585610 3.818915367126465 18
1740458585711 3.810249090194702 19
1740458585803 3.803863286972046 20
1740458585901 3.7946135997772217 21
1740458586002 3.7862062454223633 22
1740458586099 3.7789318561553955 23
1740458586202 3.770749092102051 24
1740458586302 3.762380361557007 25
1740458586409 3.7535436153411865 26
1740458586502 3.746281862258911 27
1740458586607 3.7366340160369873 28
1740458586705 3.7310426235198975 29
1740458586798 3.7222511768341064 30
1740458586901 3.713027238845825 31
1740458587001 3.7035562992095947 32
1740458587103 3.698927640914917 33
1740458587205 3.691317081451416 34
1740458587302 3.683774709701538 35
1740458587401 3.6743345260620117 36
1740458587501 3.6658987998962402 37
1740458587599 3.656681537628174 38
1740458587700 3.6528780460357666 39
1740458587803 3.642620801925659 40
1740458587906 3.6339614391326904 41
1740458588000 3.6282408237457275 42
1740458588099 3.6221249103546143 43
1740458588201 3.6131534576416016 44
1740458588302 3.6051738262176514 45
1740458588401 3.595491647720337 46
1740458588502 3.590132236480713 47
1740458588597 3.5817816257476807 48
1740458588697 3.5738840103149414 49
1740458588805 3.5634765625 50
1740458588897 3.561645269393921 51
1740458589001 3.5540928840637207 52
1740458589101 3.5439834594726562 53
1740458589198 3.541529893875122 54
1740458589298 3.530402183532715 55
1740458589402 3.521013021469116 56
1740458589497 3.5120720863342285 57
1740458589607 3.5066871643066406 58
1740458589718 3.499741792678833 59
1740458589813 3.4965157508850098 60
1740458589921 3.486506938934326 61
1740458590013 3.47953200340271 62
1740458590115 3.4685003757476807 63
1740458590213 3.4628617763519287 64
1740458590315 3.4572830200195312 65
1740458590418 3.4483418464660645 66
1740458590519 3.4395203590393066 67
1740458590647 3.4363510608673096 68
1740458590753 3.4255783557891846 69
1740458590850 3.4211318492889404 70
1740458590951 3.4113988876342773 71
1740458591055 3.40193510055542 72
1740458591146 3.3948423862457275 73
1740458591248 3.390671730041504 74
1740458591354 3.3802268505096436 75
1740458591451 3.3762431144714355 76
1740458591553 3.3685109615325928 77
1740458591654 3.3604936599731445 78
1740458591765 3.350041389465332 79
1740458591870 3.3440146446228027 80
1740458591963 3.3399012088775635 81
1740458592065 3.332463502883911 82
1740458592171 3.3241159915924072 83
1740458592272 3.3120381832122803 84
1740458592714 3.309603691101074 85
1740458592818 3.3003969192504883 86
1740458592913 3.2926039695739746 87
1740458592998 3.289095878601074 88
1740458593107 3.2780230045318604 89
1740458593208 3.269644260406494 90
1740458593314 3.264744281768799 91
1740458593418 3.2580809593200684 92
1740458593521 3.2488269805908203 93
1740458593617 3.2406299114227295 94
1740458593736 3.2343127727508545 95
1740458593838 3.2242350578308105 96
1740458593938 3.2162859439849854 97
1740458594055 3.2109029293060303 98
1740458594171 3.20882511138916 99
1740458594264 3.1982944011688232 100
1740458594387 3.1891255378723145 101
1740458594503 3.18371319770813 102
1740458594622 3.175506591796875 103
1740458594739 3.1652302742004395 104
1740458594851 3.1582279205322266 105
1740458594953 3.145247459411621 106
1740458595052 3.1449191570281982 107
1740458595145 3.139853000640869 108
1740458595279 3.130523204803467 109
1740458595384 3.121983766555786 110
1740458595479 3.1180331707000732 111
1740458595580 3.1040866374969482 112
1740458595686 3.108307123184204 113
1740458595785 3.09828782081604 114
1740458595886 3.0910098552703857 115
1740458595986 3.0754618644714355 116
1740458596089 3.0710837841033936 117
1740458596181 3.063084125518799 118
1740458596281 3.054654836654663 119
1740458596385 3.0510010719299316 120
1740458596486 3.0318336486816406 121
1740458596598 3.0318264961242676 122
1740458596700 3.031625747680664 123
1740458596798 3.026381015777588 124
1740458596902 3.009457588195801 125
1740458597006 3.0068209171295166 126
1740458597098 2.9974517822265625 127
1740458597203 2.9966201782226562 128
1740458597298 2.9780092239379883 129
1740458597404 2.981564521789551 130
1740458597518 2.9719045162200928 131
1740458597634 2.962346315383911 132
1740458597740 2.9549472332000732 133
1740458597832 2.9447336196899414 134
1740458597934 2.9439139366149902 135
1740458598032 2.9274849891662598 136
1740458598148 2.922712802886963 137
1740458598255 2.920919418334961 138
1740458598348 2.908198356628418 139
1740458598452 2.905841112136841 140
1740458598586 2.903637170791626 141
1740458598686 2.8857221603393555 142
1740458598788 2.8790905475616455 143
1740458598886 2.8833906650543213 144
1740458598982 2.867967128753662 145
1740458599081 2.864298105239868 146
1740458599201 2.8533077239990234 147
1740458599305 2.8480758666992188 148
1740458599406 2.8425121307373047 149
1740458599498 2.822310447692871 150
1740458599602 2.8217978477478027 151
1740458599698 2.8210787773132324 152
1740458599807 2.8136839866638184 153
1740458599903 2.8050901889801025 154
1740458600017 2.80562686920166 155
1740458600117 2.7936089038848877 156
1740458600218 2.786997079849243 157
1740458600318 2.7841269969940186 158
1740458600423 2.775658130645752 159
1740458600515 2.765197992324829 160
1740458600619 2.7637507915496826 161
1740458600723 2.744253158569336 162
1740458600815 2.7516636848449707 163
1740458600918 2.7473785877227783 164
1740458601016 2.7341537475585938 165
1740458601116 2.7240288257598877 166
1740458601217 2.7197482585906982 167
1740458601319 2.722944498062134 168
1740458601419 2.7157342433929443 169
1740458601519 2.7030813694000244 170
1740458601617 2.6995608806610107 171
1740458601724 2.6996376514434814 172
1740458601833 2.6883158683776855 173
1740458601948 2.678910970687866 174
1740458602068 2.6714322566986084 175
1740458602169 2.6592581272125244 176
1740458602285 2.6520631313323975 177
1740458602402 2.6590259075164795 178
1740458602522 2.6463019847869873 179
1740458602619 2.637784719467163 180
1740458602732 2.6363525390625 181
1740458602839 2.6404597759246826 182
1740458602950 2.621875524520874 183
1740458603050 2.6281535625457764 184
1740458603151 2.619683265686035 185
1740458603251 2.610776424407959 186
1740458603348 2.6049954891204834 187
1740458603448 2.59749698638916 188
1740458603557 2.5864739418029785 189
1740458603669 2.5905826091766357 190
1740458603768 2.5730197429656982 191
1740458603872 2.578622817993164 192
1740458603969 2.5703365802764893 193
1740458604065 2.5652694702148438 194
1740458604180 2.552856922149658 195
1740458604286 2.554748058319092 196
1740458604386 2.550466299057007 197
1740458604485 2.5503029823303223 198
1740458604587 2.545856237411499 199
