1740457500187 0.5963431596755981 0
1740457500304 0.7426160573959351 1
1740457500402 0.7918424606323242 2
1740457500517 0.8059071898460388 3
1740457500628 0.8087201118469238 4
1740457500731 0.8059071898460388 5
1740457500842 0.8241912722587585 6
1740457500955 0.8227847814559937 7
1740457501083 0.8368495106697083 8
1740457501194 0.8396624326705933 9
1740457501296 0.8382560014724731 10
1740457501403 0.849507749080658 11
1740457501518 0.8452883362770081 12
1740457501623 0.8438818454742432 13
1740457501745 0.8466947674751282 14
1740457501862 0.855133593082428 15
1740457501970 0.849507749080658 16
1740457502071 0.855133593082428 17
1740457502192 0.8579465746879578 18
