1740457500187 0.5519347786903381 0
1740457500304 0.5519347786903381 1
1740457500402 0.5519347786903381 2
1740457500517 0.5519347786903381 3
1740457500628 0.5519347786903381 4
1740457500731 0.5519347786903381 5
1740457500842 0.5519347786903381 6
1740457500955 0.5519347786903381 7
1740457501083 0.5519347786903381 8
1740457501194 0.5519347786903381 9
1740457501296 0.5519347786903381 10
1740457501403 0.5519347786903381 11
1740457501518 0.5519347786903381 12
1740457501623 0.5519347786903381 13
1740457501745 0.5519347786903381 14
1740457501862 0.5519347786903381 15
1740457501970 0.5519347786903381 16
1740457502071 0.5519347786903381 17
1740457502192 0.5519347786903381 18
