1740457500187 0.6904488205909729 0
1740457500304 0.6542714834213257 1
1740457500402 0.5893825888633728 2
1740457500517 0.5147063732147217 3
1740457500628 0.45743390917778015 4
1740457500731 0.44891631603240967 5
1740457500842 0.43796801567077637 6
1740457500955 0.4210173189640045 7
1740457501083 0.3982258141040802 8
1740457501194 0.3891632854938507 9
1740457501296 0.38705846667289734 10
1740457501403 0.38489335775375366 11
1740457501518 0.38137689232826233 12
1740457501623 0.39450719952583313 13
1740457501745 0.3795838952064514 14
1740457501862 0.37695738673210144 15
1740457501970 0.3727303743362427 16
1740457502071 0.35609808564186096 17
1740457502192 0.3670303225517273 18
