1740456824668 0.5386779308319092 0
1740456824790 0.6090013980865479 1
1740456824913 0.6315048933029175 2
1740456825021 0.6343178749084473 3
1740456825125 0.6216596364974976 4
1740456825222 0.6272855401039124 5
1740456825326 0.6371307969093323 6
1740456825421 0.6652601957321167 7
1740456825543 0.7313642501831055 8
1740456825654 0.7623066306114197 9
1740456825762 0.7791842222213745 10
1740456825858 0.7904360294342041 11
1740456825981 0.7805907130241394 12
1740456826088 0.7918424606323242 13
1740456826205 0.7988747954368591 14
1740456826310 0.8016877770423889 15
1740456826407 0.7777777910232544 16
1740456826524 0.7932489514350891 17
1740456826621 0.7862166166305542 18
1740456826731 0.7932489514350891 19
1740456826841 0.7834036350250244 20
1740456826951 0.7791842222213745 21
1740456827055 0.8045006990432739 22
1740456827166 0.797468364238739 23
1740456827273 0.7960618734359741 24
1740456827371 0.7791842222213745 25
1740456827483 0.7707454562187195 26
1740456827591 0.8059071898460388 27
1740456827686 0.7819972038269043 28
1740456827809 0.7890295386314392 29
1740456827923 0.7862166166305542 30
1740456828038 0.7876230478286743 31
1740456828138 0.794655442237854 32
1740456828240 0.7988747954368591 33
1740456828340 0.7848101258277893 34
1740456828460 0.7876230478286743 35
1740456828560 0.7918424606323242 36
1740456828665 0.794655442237854 37
1740456828766 0.7876230478286743 38
1740456828872 0.7819972038269043 39
1740456829028 0.7918424606323242 40
1740456829162 0.8059071898460388 41
1740456829261 0.7932489514350891 42
1740456829380 0.794655442237854 43
1740456829481 0.7848101258277893 44
1740456829587 0.7805907130241394 45
1740456829692 0.7960618734359741 46
1740456829791 0.7862166166305542 47
1740456829900 0.7918424606323242 48
1740456830007 0.7904360294342041 49
1740456830114 0.7904360294342041 50
1740456830219 0.7904360294342041 51
1740456830320 0.7890295386314392 52
1740456830421 0.794655442237854 53
1740456830521 0.7763713002204895 54
1740456830626 0.7735583782196045 55
1740456830737 0.797468364238739 56
1740456830856 0.7918424606323242 57
1740456830954 0.7960618734359741 58
1740456831061 0.7890295386314392 59
