1740456824668 0.5519347786903381 0
1740456824790 0.5519347786903381 1
1740456824913 0.5519347786903381 2
1740456825021 0.5519347786903381 3
1740456825125 0.5519347786903381 4
1740456825222 0.5519347786903381 5
1740456825326 0.5519347786903381 6
1740456825421 0.5519347786903381 7
1740456825543 0.5519347786903381 8
1740456825654 0.5519347786903381 9
1740456825762 0.5519347786903381 10
1740456825858 0.5519347786903381 11
1740456825981 0.5519347786903381 12
1740456826088 0.5519347786903381 13
1740456826205 0.5519347786903381 14
1740456826310 0.5519347786903381 15
1740456826407 0.5519347786903381 16
1740456826524 0.5519347786903381 17
1740456826621 0.5519347786903381 18
1740456826731 0.5519347786903381 19
1740456826841 0.5519347786903381 20
1740456826951 0.5519347786903381 21
1740456827055 0.5519347786903381 22
1740456827166 0.5519347786903381 23
1740456827273 0.5519347786903381 24
1740456827371 0.5519347786903381 25
1740456827483 0.5519347786903381 26
1740456827591 0.5519347786903381 27
1740456827686 0.5519347786903381 28
1740456827809 0.5519347786903381 29
1740456827923 0.5519347786903381 30
1740456828038 0.5519347786903381 31
1740456828138 0.5519347786903381 32
1740456828240 0.5519347786903381 33
1740456828340 0.5519347786903381 34
1740456828460 0.5519347786903381 35
1740456828560 0.5519347786903381 36
1740456828665 0.5519347786903381 37
1740456828766 0.5519347786903381 38
1740456828872 0.5519347786903381 39
1740456829028 0.5519347786903381 40
1740456829162 0.5519347786903381 41
1740456829261 0.5519347786903381 42
1740456829380 0.5519347786903381 43
1740456829481 0.5519347786903381 44
1740456829587 0.5519347786903381 45
1740456829692 0.5519347786903381 46
1740456829791 0.5519347786903381 47
1740456829900 0.5519347786903381 48
1740456830007 0.5519347786903381 49
1740456830114 0.5519347786903381 50
1740456830219 0.5519347786903381 51
1740456830320 0.5519347786903381 52
1740456830421 0.5519347786903381 53
1740456830521 0.5519347786903381 54
1740456830626 0.5519347786903381 55
1740456830737 0.5519347786903381 56
1740456830856 0.5519347786903381 57
1740456830954 0.5519347786903381 58
1740456831061 0.5519347786903381 59
