1740456824668 3.8524086475372314 0
1740456824790 3.595993995666504 1
1740456824913 3.359060525894165 2
1740456825021 3.1353092193603516 3
1740456825125 2.922806978225708 4
1740456825222 2.7226204872131348 5
1740456825326 2.534514904022217 6
1740456825421 2.360825538635254 7
1740456825543 2.2027053833007812 8
1740456825654 2.0615034103393555 9
1740456825762 1.9320777654647827 10
1740456825858 1.8251659870147705 11
1740456825981 1.7133996486663818 12
1740456826088 1.5937542915344238 13
1740456826205 1.5126835107803345 14
1740456826310 1.4279053211212158 15
1740456826407 1.3559743165969849 16
1740456826524 1.2646050453186035 17
1740456826621 1.215242624282837 18
1740456826731 1.1569288969039917 19
1740456826841 1.091742992401123 20
1740456826951 1.060350775718689 21
1740456827055 0.9932050704956055 22
1740456827166 0.9627681374549866 23
1740456827273 0.9215742945671082 24
1740456827371 0.9077515602111816 25
1740456827483 0.8834630846977234 26
1740456827591 0.8210304975509644 27
1740456827686 0.8213280439376831 28
1740456827809 0.7873290777206421 29
1740456827923 0.7678132653236389 30
1740456828038 0.7445612549781799 31
1740456828138 0.7228567004203796 32
1740456828240 0.7091700434684753 33
1740456828340 0.6980769634246826 34
1740456828460 0.690232515335083 35
1740456828560 0.687088131904602 36
1740456828665 0.6693078279495239 37
1740456828766 0.6479482650756836 38
1740456828872 0.650138795375824 39
1740456829028 0.644919753074646 40
1740456829162 0.6349626183509827 41
1740456829261 0.6315599679946899 42
1740456829380 0.6260278820991516 43
1740456829481 0.6212523579597473 44
1740456829587 0.61678147315979 45
1740456829692 0.6001957654953003 46
1740456829791 0.6068252325057983 47
1740456829900 0.5944093465805054 48
1740456830007 0.5914562344551086 49
1740456830114 0.5840029716491699 50
1740456830219 0.5902191996574402 51
1740456830320 0.5832294821739197 52
1740456830421 0.5969870686531067 53
1740456830521 0.5817676782608032 54
1740456830626 0.5728763341903687 55
1740456830737 0.5714054107666016 56
1740456830856 0.5715722441673279 57
1740456830954 0.567208468914032 58
1740456831061 0.5779654383659363 59
