1740458106139 0.37834036350250244 0
1740458106243 0.39099860191345215 1
1740458106337 0.41068917512893677 2
1740458106433 0.4683544337749481 3
1740458106528 0.5091420412063599 4
1740458106638 0.5611814260482788 5
1740458106723 0.5864979028701782 6
1740458106832 0.6019690632820129 7
1740458106924 0.6315048933029175 8
1740458107022 0.655414879322052 9
1740458107121 0.6329113841056824 10
1740458107224 0.6596342921257019 11
1740458107332 0.6624472737312317 12
1740458107439 0.6540084481239319 13
1740458107539 0.649789035320282 14
1740458107637 0.652601957321167 15
1740458107732 0.649789035320282 16
1740458107832 0.6540084481239319 17
1740458107932 0.6638537049293518 18
1740458108032 0.6511955261230469 19
1740458108127 0.6568213701248169 20
1740458108228 0.6638537049293518 21
1740458108322 0.655414879322052 22
1740458108430 0.6511955261230469 23
1740458108529 0.6427567005157471 24
1740458108621 0.6765119433403015 25
1740458108731 0.6624472737312317 26
1740458108824 0.6610407829284668 27
1740458108920 0.6582278609275818 28
1740458109019 0.6511955261230469 29
1740458109123 0.649789035320282 30
1740458109221 0.6596342921257019 31
1740458109335 0.6610407829284668 32
1740458109435 0.6638537049293518 33
1740458109536 0.6722925305366516 34
1740458109631 0.6694796085357666 35
1740458109726 0.6385372877120972 36
1740458109821 0.6779184341430664 37
1740458109930 0.6708860993385315 38
1740458110030 0.6680731177330017 39
1740458110131 0.6765119433403015 40
1740458110226 0.6807313561439514 41
1740458110321 0.6582278609275818 42
1740458110428 0.6821378469467163 43
1740458110530 0.6891701817512512 44
1740458110626 0.6962025165557861 45
1740458110731 0.6891701817512512 46
1740458110826 0.697609007358551 47
1740458110927 0.6751055121421814 48
1740458111032 0.6736990213394165 49
1740458111131 0.6694796085357666 50
1740458111230 0.6708860993385315 51
1740458111322 0.6877636909484863 52
1740458111426 0.6821378469467163 53
1740458111521 0.6765119433403015 54
1740458111621 0.694796085357666 55
1740458111720 0.6877636909484863 56
1740458111818 0.6863572597503662 57
1740458111920 0.7018284201622009 58
1740458112022 0.7060478329658508 59
1740458112122 0.6919831037521362 60
1740458112222 0.7158930897712708 61
1740458112323 0.694796085357666 62
1740458112435 0.7088607549667358 63
1740458112543 0.7102672457695007 64
1740458112659 0.703234851360321 65
1740458112759 0.7172995805740356 66
1740458112854 0.6933895945549011 67
1740458112958 0.7130801677703857 68
1740458113068 0.7144866585731506 69
1740458113170 0.7201125025749207 70
1740458113275 0.707454264163971 71
1740458113380 0.7257384061813354 72
1740458113487 0.7271448373794556 73
1740458113592 0.75527423620224 74
1740458113688 0.752461314201355 75
1740458113794 0.7257384061813354 76
1740458113912 0.7398030757904053 77
1740458114025 0.7271448373794556 78
1740458114142 0.7243319153785706 79
1740458114237 0.7313642501831055 80
1740458114361 0.7341772317886353 81
1740458114473 0.7383966445922852 82
1740458114582 0.7369901537895203 83
1740458114689 0.7510548233985901 84
1740458114796 0.7383966445922852 85
1740458114912 0.7383966445922852 86
1740458115014 0.7187060713768005 87
1740458115122 0.7510548233985901 88
1740458115224 0.752461314201355 89
1740458115318 0.7482419013977051 90
1740458115421 0.746835470199585 91
1740458115529 0.752461314201355 92
1740458115626 0.7651195526123047 93
1740458115742 0.746835470199585 94
1740458115856 0.7482419013977051 95
1740458115958 0.7623066306114197 96
1740458116058 0.7566807270050049 97
1740458116154 0.7721518874168396 98
1740458116258 0.752461314201355 99
1740458116370 0.7665260434150696 100
1740458116476 0.7749648094177246 101
1740458116570 0.7665260434150696 102
1740458116689 0.7637130618095398 103
1740458116807 0.7721518874168396 104
1740458116948 0.7791842222213745 105
1740458117079 0.7763713002204895 106
1740458117174 0.7651195526123047 107
1740458117290 0.7848101258277893 108
1740458117408 0.7609001398086548 109
1740458117533 0.7791842222213745 110
1740458117636 0.7862166166305542 111
1740458117739 0.7805907130241394 112
1740458117844 0.7721518874168396 113
1740458117938 0.7904360294342041 114
1740458118053 0.7763713002204895 115
1740458118158 0.7988747954368591 116
1740458118258 0.7890295386314392 117
1740458118371 0.7721518874168396 118
1740458118477 0.7777777910232544 119
1740458118586 0.7960618734359741 120
1740458118696 0.7848101258277893 121
1740458118791 0.797468364238739 122
1740458118907 0.7932489514350891 123
1740458119004 0.7988747954368591 124
1740458119119 0.7876230478286743 125
1740458119228 0.7904360294342041 126
1740458119325 0.8087201118469238 127
1740458119443 0.7988747954368591 128
1740458119570 0.7890295386314392 129
1740458119675 0.8045006990432739 130
1740458119775 0.7876230478286743 131
1740458119890 0.8016877770423889 132
1740458120008 0.797468364238739 133
1740458120103 0.8087201118469238 134
1740458120225 0.800281286239624 135
1740458120339 0.8087201118469238 136
1740458120456 0.7848101258277893 137
1740458120569 0.8101266026496887 138
1740458120674 0.8045006990432739 139
1740458120778 0.800281286239624 140
1740458120876 0.797468364238739 141
1740458120972 0.800281286239624 142
1740458121071 0.8016877770423889 143
1740458121188 0.8087201118469238 144
1740458121290 0.8101266026496887 145
1740458121390 0.8101266026496887 146
1740458121492 0.800281286239624 147
1740458121606 0.8016877770423889 148
1740458121712 0.8045006990432739 149
1740458121823 0.8073136210441589 150
1740458121924 0.8073136210441589 151
1740458122035 0.8087201118469238 152
1740458122142 0.8143460154533386 153
1740458122243 0.8157524466514587 154
1740458122354 0.8143460154533386 155
1740458122467 0.8143460154533386 156
1740458122578 0.8045006990432739 157
1740458122690 0.8045006990432739 158
1740458122796 0.8115330338478088 159
1740458122906 0.803094208240509 160
1740458123018 0.8143460154533386 161
1740458123130 0.8115330338478088 162
1740458123237 0.8059071898460388 163
1740458123341 0.8171589374542236 164
1740458123456 0.8101266026496887 165
1740458123573 0.803094208240509 166
1740458123676 0.8143460154533386 167
1740458123774 0.8171589374542236 168
1740458123890 0.8171589374542236 169
1740458123993 0.8185654282569885 170
1740458124093 0.803094208240509 171
1740458124190 0.8143460154533386 172
1740458124290 0.8101266026496887 173
1740458124393 0.803094208240509 174
1740458124503 0.8129395246505737 175
1740458124609 0.8171589374542236 176
1740458124710 0.8129395246505737 177
1740458124819 0.8227847814559937 178
1740458124925 0.8171589374542236 179
1740458125021 0.8213783502578735 180
1740458125131 0.8143460154533386 181
1740458125245 0.8129395246505737 182
1740458125344 0.8157524466514587 183
1740458125459 0.8059071898460388 184
1740458125562 0.8115330338478088 185
1740458125691 0.8101266026496887 186
1740458125786 0.8129395246505737 187
1740458125906 0.8143460154533386 188
1740458126002 0.8129395246505737 189
1740458126104 0.8157524466514587 190
1740458126205 0.8073136210441589 191
1740458126319 0.8255977630615234 192
1740458126428 0.8115330338478088 193
1740458126518 0.8157524466514587 194
1740458126635 0.8143460154533386 195
1740458126740 0.8073136210441589 196
1740458126834 0.8227847814559937 197
1740458126937 0.8185654282569885 198
1740458127036 0.8171589374542236 199
