1740458106139 0.5519347786903381 0
1740458106243 0.5519347786903381 1
1740458106337 0.5519347786903381 2
1740458106433 0.5519347786903381 3
1740458106528 0.5519347786903381 4
1740458106638 0.5519347786903381 5
1740458106723 0.5519347786903381 6
1740458106832 0.5519347786903381 7
1740458106924 0.5519347786903381 8
1740458107022 0.5519347786903381 9
1740458107121 0.5519347786903381 10
1740458107224 0.5519347786903381 11
1740458107332 0.5519347786903381 12
1740458107439 0.5519347786903381 13
1740458107539 0.5519347786903381 14
1740458107637 0.5519347786903381 15
1740458107732 0.5519347786903381 16
1740458107832 0.5519347786903381 17
1740458107932 0.5519347786903381 18
1740458108032 0.5519347786903381 19
1740458108127 0.5519347786903381 20
1740458108228 0.5519347786903381 21
1740458108322 0.5519347786903381 22
1740458108430 0.5519347786903381 23
1740458108529 0.5519347786903381 24
1740458108621 0.5519347786903381 25
1740458108731 0.5519347786903381 26
1740458108824 0.5519347786903381 27
1740458108920 0.5519347786903381 28
1740458109019 0.5519347786903381 29
1740458109123 0.5519347786903381 30
1740458109221 0.5519347786903381 31
1740458109335 0.5519347786903381 32
1740458109435 0.5519347786903381 33
1740458109536 0.5519347786903381 34
1740458109631 0.5519347786903381 35
1740458109726 0.5519347786903381 36
1740458109821 0.5519347786903381 37
1740458109930 0.5519347786903381 38
1740458110030 0.5519347786903381 39
1740458110131 0.5519347786903381 40
1740458110226 0.5519347786903381 41
1740458110321 0.5519347786903381 42
1740458110428 0.5519347786903381 43
1740458110530 0.5519347786903381 44
1740458110626 0.5519347786903381 45
1740458110731 0.5519347786903381 46
1740458110826 0.5519347786903381 47
1740458110927 0.5519347786903381 48
1740458111032 0.5519347786903381 49
1740458111131 0.5519347786903381 50
1740458111230 0.5519347786903381 51
1740458111322 0.5519347786903381 52
1740458111426 0.5519347786903381 53
1740458111521 0.5519347786903381 54
1740458111621 0.5519347786903381 55
1740458111720 0.5519347786903381 56
1740458111818 0.5519347786903381 57
1740458111920 0.5519347786903381 58
1740458112022 0.5519347786903381 59
1740458112122 0.5519347786903381 60
1740458112222 0.5519347786903381 61
1740458112323 0.5519347786903381 62
1740458112435 0.5519347786903381 63
1740458112543 0.5519347786903381 64
1740458112659 0.5519347786903381 65
1740458112759 0.5519347786903381 66
1740458112854 0.5519347786903381 67
1740458112958 0.5519347786903381 68
1740458113068 0.5519347786903381 69
1740458113170 0.5519347786903381 70
1740458113275 0.5519347786903381 71
1740458113380 0.5519347786903381 72
1740458113487 0.5519347786903381 73
1740458113592 0.5519347786903381 74
1740458113688 0.5519347786903381 75
1740458113794 0.5519347786903381 76
1740458113912 0.5519347786903381 77
1740458114025 0.5519347786903381 78
1740458114142 0.5519347786903381 79
1740458114237 0.5519347786903381 80
1740458114361 0.5519347786903381 81
1740458114473 0.5519347786903381 82
1740458114582 0.5519347786903381 83
1740458114689 0.5519347786903381 84
1740458114796 0.5519347786903381 85
1740458114912 0.5519347786903381 86
1740458115014 0.5519347786903381 87
1740458115122 0.5519347786903381 88
1740458115224 0.5519347786903381 89
1740458115318 0.5519347786903381 90
1740458115421 0.5519347786903381 91
1740458115529 0.5519347786903381 92
1740458115626 0.5519347786903381 93
1740458115742 0.5519347786903381 94
1740458115856 0.5519347786903381 95
1740458115958 0.5519347786903381 96
1740458116058 0.5519347786903381 97
1740458116154 0.5519347786903381 98
1740458116258 0.5519347786903381 99
1740458116370 0.5519347786903381 100
1740458116476 0.5519347786903381 101
1740458116570 0.5519347786903381 102
1740458116689 0.5519347786903381 103
1740458116807 0.5519347786903381 104
1740458116948 0.5519347786903381 105
1740458117079 0.5519347786903381 106
1740458117174 0.5519347786903381 107
1740458117290 0.5519347786903381 108
1740458117408 0.5519347786903381 109
1740458117533 0.5519347786903381 110
1740458117636 0.5519347786903381 111
1740458117739 0.5519347786903381 112
1740458117844 0.5519347786903381 113
1740458117938 0.5519347786903381 114
1740458118053 0.5519347786903381 115
1740458118158 0.5519347786903381 116
1740458118258 0.5519347786903381 117
1740458118371 0.5519347786903381 118
1740458118477 0.5519347786903381 119
1740458118586 0.5519347786903381 120
1740458118696 0.5519347786903381 121
1740458118791 0.5519347786903381 122
1740458118907 0.5519347786903381 123
1740458119004 0.5519347786903381 124
1740458119119 0.5519347786903381 125
1740458119228 0.5519347786903381 126
1740458119325 0.5519347786903381 127
1740458119443 0.5519347786903381 128
1740458119570 0.5519347786903381 129
1740458119675 0.5519347786903381 130
1740458119775 0.5519347786903381 131
1740458119890 0.5519347786903381 132
1740458120008 0.5519347786903381 133
1740458120103 0.5519347786903381 134
1740458120225 0.5519347786903381 135
1740458120339 0.5519347786903381 136
1740458120456 0.5519347786903381 137
1740458120569 0.5519347786903381 138
1740458120674 0.5519347786903381 139
1740458120778 0.5519347786903381 140
1740458120876 0.5519347786903381 141
1740458120972 0.5519347786903381 142
1740458121071 0.5519347786903381 143
1740458121188 0.5519347786903381 144
1740458121290 0.5519347786903381 145
1740458121390 0.5519347786903381 146
1740458121492 0.5519347786903381 147
1740458121606 0.5519347786903381 148
1740458121712 0.5519347786903381 149
1740458121823 0.5519347786903381 150
1740458121924 0.5519347786903381 151
1740458122035 0.5519347786903381 152
1740458122142 0.5519347786903381 153
1740458122243 0.5519347786903381 154
1740458122354 0.5519347786903381 155
1740458122467 0.5519347786903381 156
1740458122578 0.5519347786903381 157
1740458122690 0.5519347786903381 158
1740458122796 0.5519347786903381 159
1740458122906 0.5519347786903381 160
1740458123018 0.5519347786903381 161
1740458123130 0.5519347786903381 162
1740458123237 0.5519347786903381 163
1740458123341 0.5519347786903381 164
1740458123456 0.5519347786903381 165
1740458123573 0.5519347786903381 166
1740458123676 0.5519347786903381 167
1740458123774 0.5519347786903381 168
1740458123890 0.5519347786903381 169
1740458123993 0.5519347786903381 170
1740458124093 0.5519347786903381 171
1740458124190 0.5519347786903381 172
1740458124290 0.5519347786903381 173
1740458124393 0.5519347786903381 174
1740458124503 0.5519347786903381 175
1740458124609 0.5519347786903381 176
1740458124710 0.5519347786903381 177
1740458124819 0.5519347786903381 178
1740458124925 0.5519347786903381 179
1740458125021 0.5519347786903381 180
1740458125131 0.5519347786903381 181
1740458125245 0.5519347786903381 182
1740458125344 0.5519347786903381 183
1740458125459 0.5519347786903381 184
1740458125562 0.5519347786903381 185
1740458125691 0.5519347786903381 186
1740458125786 0.5519347786903381 187
1740458125906 0.5519347786903381 188
1740458126002 0.5519347786903381 189
1740458126104 0.5519347786903381 190
1740458126205 0.5519347786903381 191
1740458126319 0.5519347786903381 192
1740458126428 0.5519347786903381 193
1740458126518 0.5519347786903381 194
1740458126635 0.5519347786903381 195
1740458126740 0.5519347786903381 196
1740458126834 0.5519347786903381 197
1740458126937 0.5519347786903381 198
1740458127036 0.5519347786903381 199
