1740458106139 4.06309700012207 0
1740458106243 4.047677993774414 1
1740458106337 4.034466743469238 2
1740458106433 4.023241996765137 3
1740458106528 4.0091552734375 4
1740458106638 4.000644683837891 5
1740458106723 3.990652561187744 6
1740458106832 3.9820427894592285 7
1740458106924 3.9659597873687744 8
1740458107022 3.9537739753723145 9
1740458107121 3.9512617588043213 10
1740458107224 3.9356648921966553 11
1740458107332 3.9284863471984863 12
1740458107439 3.9210398197174072 13
1740458107539 3.91119384765625 14
1740458107637 3.9034180641174316 15
1740458107732 3.8927159309387207 16
1740458107832 3.8827128410339355 17
1740458107932 3.872962474822998 18
1740458108032 3.865854501724243 19
1740458108127 3.8546721935272217 20
1740458108228 3.843639850616455 21
1740458108322 3.840974807739258 22
1740458108430 3.828747272491455 23
1740458108529 3.8219690322875977 24
1740458108621 3.809231996536255 25
1740458108731 3.8017921447753906 26
1740458108824 3.794675350189209 27
1740458108920 3.7866668701171875 28
1740458109019 3.7803022861480713 29
1740458109123 3.7691562175750732 30
1740458109221 3.7631993293762207 31
1740458109335 3.7498738765716553 32
1740458109435 3.7460639476776123 33
1740458109536 3.7327160835266113 34
1740458109631 3.726271629333496 35
1740458109726 3.722172737121582 36
1740458109821 3.7087371349334717 37
1740458109930 3.701913595199585 38
1740458110030 3.694157838821411 39
1740458110131 3.683546304702759 40
1740458110226 3.6740736961364746 41
1740458110321 3.6696979999542236 42
1740458110428 3.656477928161621 43
1740458110530 3.648052215576172 44
1740458110626 3.6364240646362305 45
1740458110731 3.6298935413360596 46
1740458110826 3.622561454772949 47
1740458110927 3.6172382831573486 48
1740458111032 3.6114139556884766 49
1740458111131 3.6037135124206543 50
1740458111230 3.5955088138580322 51
1740458111322 3.584634780883789 52
1740458111426 3.5812795162200928 53
1740458111521 3.5693962574005127 54
1740458111621 3.558593511581421 55
1740458111720 3.5513575077056885 56
1740458111818 3.545466423034668 57
1740458111920 3.5351874828338623 58
1740458112022 3.5243639945983887 59
1740458112122 3.5203933715820312 60
1740458112222 3.5071604251861572 61
1740458112323 3.500805139541626 62
1740458112435 3.4934558868408203 63
1740458112543 3.484222173690796 64
1740458112659 3.4794275760650635 65
1740458112759 3.465390682220459 66
1740458112854 3.46506929397583 67
1740458112958 3.4526467323303223 68
1740458113068 3.442485809326172 69
1740458113170 3.4309637546539307 70
1740458113275 3.431536912918091 71
1740458113380 3.4173777103424072 72
1740458113487 3.407409191131592 73
1740458113592 3.3993289470672607 74
1740458113688 3.38630747795105 75
1740458113794 3.38600492477417 76
1740458113912 3.376023530960083 77
1740458114025 3.367109537124634 78
1740458114142 3.3585801124572754 79
1740458114237 3.3462812900543213 80
1740458114361 3.343360185623169 81
1740458114473 3.33467698097229 82
1740458114582 3.329387664794922 83
1740458114689 3.311821222305298 84
1740458114796 3.3121817111968994 85
1740458114912 3.3068230152130127 86
1740458115014 3.3029425144195557 87
1740458115122 3.285625696182251 88
1740458115224 3.273399829864502 89
1740458115318 3.26896595954895 90
1740458115421 3.2618460655212402 91
1740458115529 3.249293565750122 92
1740458115626 3.2459499835968018 93
1740458115742 3.2407679557800293 94
1740458115856 3.227562427520752 95
1740458115958 3.21636962890625 96
1740458116058 3.2179131507873535 97
1740458116154 3.1981563568115234 98
1740458116258 3.2015960216522217 99
1740458116370 3.1921932697296143 100
1740458116476 3.1763274669647217 101
1740458116570 3.168659210205078 102
1740458116689 3.1689436435699463 103
1740458116807 3.1595494747161865 104
1740458116948 3.1483805179595947 105
1740458117079 3.1326472759246826 106
1740458117174 3.131632089614868 107
1740458117290 3.121197462081909 108
1740458117408 3.1156904697418213 109
1740458117533 3.1068904399871826 110
1740458117636 3.1043500900268555 111
1740458117739 3.094175100326538 112
1740458117844 3.087494373321533 113
1740458117938 3.0705137252807617 114
1740458118053 3.0718133449554443 115
1740458118158 3.0492873191833496 116
1740458118258 3.049482583999634 117
1740458118371 3.0575573444366455 118
1740458118477 3.043095111846924 119
1740458118586 3.0244100093841553 120
1740458118696 3.0269179344177246 121
1740458118791 3.011148691177368 122
1740458118907 3.0140891075134277 123
1740458119004 3.002264976501465 124
1740458119119 2.9931447505950928 125
1740458119228 2.984179735183716 126
1740458119325 2.975715398788452 127
1740458119443 2.9691803455352783 128
1740458119570 2.9709560871124268 129
1740458119675 2.9633452892303467 130
1740458119775 2.9529972076416016 131
1740458119890 2.9381136894226074 132
1740458120008 2.9381768703460693 133
1740458120103 2.9242517948150635 134
1740458120225 2.9263505935668945 135
1740458120339 2.9161434173583984 136
1740458120456 2.9189391136169434 137
1740458120569 2.9038143157958984 138
1740458120674 2.902236223220825 139
1740458120778 2.884413003921509 140
1740458120876 2.883629083633423 141
1740458120972 2.874960422515869 142
1740458121071 2.8796472549438477 143
1740458121188 2.863501787185669 144
1740458121290 2.854559898376465 145
1740458121390 2.849092483520508 146
1740458121492 2.8584206104278564 147
1740458121606 2.850126028060913 148
1740458121712 2.842134952545166 149
1740458121823 2.8290584087371826 150
1740458121924 2.822524309158325 151
1740458122035 2.8149592876434326 152
1740458122142 2.801499128341675 153
1740458122243 2.8037149906158447 154
1740458122354 2.7909646034240723 155
1740458122467 2.7888500690460205 156
1740458122578 2.7869679927825928 157
1740458122690 2.7836432456970215 158
1740458122796 2.783377170562744 159
1740458122906 2.7671804428100586 160
1740458123018 2.770845890045166 161
1740458123130 2.754598379135132 162
1740458123237 2.7479631900787354 163
1740458123341 2.7390122413635254 164
1740458123456 2.740813732147217 165
1740458123573 2.729339838027954 166
1740458123676 2.7251133918762207 167
1740458123774 2.718991756439209 168
1740458123890 2.7159366607666016 169
1740458123993 2.7091026306152344 170
1740458124093 2.707192897796631 171
1740458124190 2.6997745037078857 172
1740458124290 2.6820485591888428 173
1740458124393 2.6811976432800293 174
1740458124503 2.673628330230713 175
1740458124609 2.6732051372528076 176
1740458124710 2.667858123779297 177
1740458124819 2.668602705001831 178
1740458124925 2.66017484664917 179
1740458125021 2.6495237350463867 180
1740458125131 2.643066167831421 181
1740458125245 2.64288592338562 182
1740458125344 2.641491413116455 183
1740458125459 2.628361225128174 184
1740458125562 2.632861375808716 185
1740458125691 2.6299173831939697 186
1740458125786 2.6127750873565674 187
1740458125906 2.6138367652893066 188
1740458126002 2.6051602363586426 189
1740458126104 2.5975747108459473 190
1740458126205 2.5919058322906494 191
1740458126319 2.5862233638763428 192
1740458126428 2.576111316680908 193
1740458126518 2.5775394439697266 194
1740458126635 2.5672543048858643 195
1740458126740 2.5845155715942383 196
1740458126834 2.5697896480560303 197
1740458126937 2.550516366958618 198
1740458127036 2.5602755546569824 199
