1740457625502 0.6104078888893127 0
1740457625610 0.6765119433403015 1
1740457625712 0.7355836629867554 2
1740457625815 0.7848101258277893 3
1740457625909 0.8115330338478088 4
1740457626011 0.8157524466514587 5
1740457626119 0.8199718594551086 6
1740457626232 0.8143460154533386 7
1740457626328 0.8270041942596436 8
1740457626447 0.8185654282569885 9
1740457626554 0.8340365886688232 10
1740457626659 0.8368495106697083 11
1740457626761 0.8368495106697083 12
1740457626878 0.8452883362770081 13
1740457626983 0.842475414276123 14
1740457627113 0.8452883362770081 15
1740457627244 0.842475414276123 16
1740457627355 0.849507749080658 17
1740457627450 0.8565400838851929 18
1740457627567 0.8621659874916077 19
1740457627667 0.8579465746879578 20
1740457627782 0.855133593082428 21
1740457627880 0.8621659874916077 22
1740457627995 0.8720112442970276 23
1740457628100 0.8565400838851929 24
1740457628195 0.8734177350997925 25
1740457628294 0.8663854002952576 26
1740457628394 0.8776371479034424 27
1740457628498 0.8734177350997925 28
1740457628613 0.8691983222961426 29
1740457628716 0.8706047534942627 30
1740457628818 0.8663854002952576 31
1740457628915 0.8734177350997925 32
1740457629027 0.8762306571006775 33
1740457629130 0.8663854002952576 34
