1740457625502 0.5519347786903381 0
1740457625610 0.5519347786903381 1
1740457625712 0.5519347786903381 2
1740457625815 0.5519347786903381 3
1740457625909 0.5519347786903381 4
1740457626011 0.5519347786903381 5
1740457626119 0.5519347786903381 6
1740457626232 0.5519347786903381 7
1740457626328 0.5519347786903381 8
1740457626447 0.5519347786903381 9
1740457626554 0.5519347786903381 10
1740457626659 0.5519347786903381 11
1740457626761 0.5519347786903381 12
1740457626878 0.5519347786903381 13
1740457626983 0.5519347786903381 14
1740457627113 0.5519347786903381 15
1740457627244 0.5519347786903381 16
1740457627355 0.5519347786903381 17
1740457627450 0.5519347786903381 18
1740457627567 0.5519347786903381 19
1740457627667 0.5519347786903381 20
1740457627782 0.5519347786903381 21
1740457627880 0.5519347786903381 22
1740457627995 0.5519347786903381 23
1740457628100 0.5519347786903381 24
1740457628195 0.5519347786903381 25
1740457628294 0.5519347786903381 26
1740457628394 0.5519347786903381 27
1740457628498 0.5519347786903381 28
1740457628613 0.5519347786903381 29
1740457628716 0.5519347786903381 30
1740457628818 0.5519347786903381 31
1740457628915 0.5519347786903381 32
1740457629027 0.5519347786903381 33
1740457629130 0.5519347786903381 34
