1740457625502 1.0051928758621216 0
1740457625610 0.951073169708252 1
1740457625712 0.8918439149856567 2
1740457625815 0.8099820017814636 3
1740457625909 0.7537469863891602 4
1740457626011 0.7222315669059753 5
1740457626119 0.7017808556556702 6
1740457626232 0.6895871162414551 7
1740457626328 0.6707125902175903 8
1740457626447 0.6608464121818542 9
1740457626554 0.645222008228302 10
1740457626659 0.6330154538154602 11
1740457626761 0.6242914795875549 12
1740457626878 0.6069135069847107 13
1740457626983 0.5970699191093445 14
1740457627113 0.5950368642807007 15
1740457627244 0.5843914151191711 16
1740457627355 0.5939919352531433 17
1740457627450 0.5732424259185791 18
1740457627567 0.5626335144042969 19
1740457627667 0.5468950867652893 20
1740457627782 0.5588980913162231 21
1740457627880 0.539991021156311 22
1740457627995 0.531003475189209 23
1740457628100 0.5352650880813599 24
1740457628195 0.5241455435752869 25
1740457628294 0.5156434178352356 26
1740457628394 0.5147920250892639 27
1740457628498 0.5117158889770508 28
1740457628613 0.5059205293655396 29
1740457628716 0.5004467368125916 30
1740457628818 0.49542078375816345 31
1740457628915 0.5018967986106873 32
1740457629027 0.4909597635269165 33
1740457629130 0.49296581745147705 34
