1740459706435 0.552742600440979 0
1740459706569 0.6272855401039124 1
1740459706688 0.6174402236938477 2
1740459706798 0.6202531456947327 3
1740459706918 0.6160337328910828 4
1740459707055 0.6188467144966125 5
1740459707169 0.6188467144966125 6
1740459707285 0.6188467144966125 7
1740459707398 0.6188467144966125 8
1740459707525 0.6188467144966125 9
1740459707636 0.6188467144966125 10
1740459707761 0.6272855401039124 11
1740459707894 0.6413502097129822 12
1740459708003 0.6680731177330017 13
1740459708136 0.7412095665931702 14
1740459708252 0.7693389654159546 15
1740459708400 0.8045006990432739 16
1740459708540 0.794655442237854 17
1740459708657 0.794655442237854 18
1740459708786 0.8255977630615234 19
1740459708921 0.8255977630615234 20
1740459709060 0.8354430198669434 21
1740459709203 0.8312236070632935 22
1740459709329 0.8199718594551086 23
1740459709439 0.8073136210441589 24
1740459709572 0.8298171758651733 25
1740459709687 0.8241912722587585 26
1740459709817 0.8115330338478088 27
1740459709943 0.8284106850624084 28
1740459710067 0.8354430198669434 29
1740459710196 0.8143460154533386 30
1740459710330 0.8298171758651733 31
1740459710453 0.8073136210441589 32
1740459710567 0.8185654282569885 33
1740459710687 0.8199718594551086 34
1740459710801 0.8241912722587585 35
1740459710922 0.8396624326705933 36
1740459711045 0.8255977630615234 37
1740459711170 0.8326300978660583 38
1740459711301 0.8213783502578735 39
1740459711444 0.8213783502578735 40
1740459711569 0.8354430198669434 41
1740459711690 0.8171589374542236 42
1740459711809 0.8298171758651733 43
1740459711934 0.8368495106697083 44
1740459712067 0.8255977630615234 45
1740459712190 0.8171589374542236 46
1740459712309 0.8270041942596436 47
1740459712443 0.8284106850624084 48
1740459712579 0.8129395246505737 49
1740459712700 0.8241912722587585 50
1740459712821 0.8410689234733582 51
1740459712940 0.8255977630615234 52
1740459713070 0.8326300978660583 53
1740459713195 0.842475414276123 54
1740459713325 0.8270041942596436 55
1740459713439 0.8227847814559937 56
1740459713554 0.8255977630615234 57
1740459713670 0.8340365886688232 58
1740459713783 0.8101266026496887 59
1740459713888 0.8368495106697083 60
1740459714007 0.8241912722587585 61
1740459714137 0.8410689234733582 62
1740459714250 0.8171589374542236 63
1740459714365 0.8410689234733582 64
1740459714484 0.8354430198669434 65
1740459714600 0.8326300978660583 66
1740459714704 0.8298171758651733 67
1740459714823 0.8270041942596436 68
1740459714939 0.8213783502578735 69
1740459715053 0.8270041942596436 70
1740459715165 0.8227847814559937 71
1740459715271 0.8452883362770081 72
1740459715402 0.8438818454742432 73
1740459715552 0.8284106850624084 74
1740459715684 0.8537271618843079 75
1740459715830 0.8354430198669434 76
1740459715954 0.8241912722587585 77
1740459716072 0.8481012582778931 78
1740459716187 0.8312236070632935 79
1740459716300 0.8452883362770081 80
1740459716420 0.8509141802787781 81
1740459716534 0.8326300978660583 82
1740459716652 0.8312236070632935 83
1740459716768 0.8270041942596436 84
1740459716884 0.842475414276123 85
1740459717003 0.8396624326705933 86
1740459717104 0.8298171758651733 87
1740459717220 0.8227847814559937 88
1740459717361 0.8438818454742432 89
1740459717500 0.8284106850624084 90
1740459717622 0.8382560014724731 91
1740459717759 0.8227847814559937 92
1740459717872 0.8382560014724731 93
1740459718006 0.842475414276123 94
1740459718131 0.8368495106697083 95
1740459718242 0.8143460154533386 96
1740459718384 0.8255977630615234 97
1740459718549 0.8410689234733582 98
1740459718670 0.8298171758651733 99
1740459718800 0.8227847814559937 100
1740459718922 0.842475414276123 101
1740459719036 0.8368495106697083 102
1740459719155 0.8284106850624084 103
1740459719278 0.8354430198669434 104
1740459719388 0.8227847814559937 105
1740459719520 0.8340365886688232 106
1740459719636 0.8382560014724731 107
1740459719753 0.8284106850624084 108
1740459719870 0.8284106850624084 109
1740459719984 0.8241912722587585 110
1740459720101 0.8466947674751282 111
1740459720222 0.8382560014724731 112
1740459720342 0.8368495106697083 113
1740459720467 0.8227847814559937 114
1740459720599 0.8326300978660583 115
1740459720729 0.8382560014724731 116
1740459720864 0.849507749080658 117
1740459721000 0.8382560014724731 118
1740459721117 0.8410689234733582 119
1740459721239 0.8270041942596436 120
1740459721365 0.8326300978660583 121
1740459721471 0.8396624326705933 122
1740459721609 0.8354430198669434 123
1740459721723 0.8354430198669434 124
1740459721839 0.8326300978660583 125
1740459721953 0.8312236070632935 126
1740459722067 0.8396624326705933 127
1740459722184 0.8284106850624084 128
1740459722300 0.8368495106697083 129
1740459722419 0.842475414276123 130
1740459722531 0.8438818454742432 131
1740459722654 0.8270041942596436 132
1740459722753 0.8227847814559937 133
1740459722900 0.8185654282569885 134
1740459723017 0.8340365886688232 135
1740459723149 0.8270041942596436 136
1740459723266 0.8298171758651733 137
1740459723384 0.8284106850624084 138
1740459723533 0.8354430198669434 139
1740459723653 0.8284106850624084 140
1740459723772 0.8396624326705933 141
1740459723902 0.8368495106697083 142
1740459724017 0.8284106850624084 143
1740459724164 0.8438818454742432 144
1740459724272 0.8340365886688232 145
1740459724397 0.8312236070632935 146
1740459724505 0.8354430198669434 147
1740459724621 0.8438818454742432 148
1740459724736 0.8452883362770081 149
1740459724856 0.8438818454742432 150
1740459724989 0.8438818454742432 151
1740459725105 0.8270041942596436 152
1740459725216 0.8354430198669434 153
1740459725341 0.8298171758651733 154
1740459725458 0.8382560014724731 155
1740459725570 0.8326300978660583 156
1740459725687 0.8340365886688232 157
1740459725818 0.8326300978660583 158
1740459725950 0.8354430198669434 159
1740459726076 0.8452883362770081 160
1740459726207 0.8354430198669434 161
1740459726343 0.8410689234733582 162
1740459726483 0.8382560014724731 163
1740459726636 0.8340365886688232 164
1740459726777 0.8326300978660583 165
1740459726907 0.8354430198669434 166
1740459727043 0.8368495106697083 167
1740459727183 0.8227847814559937 168
1740459727303 0.8298171758651733 169
1740459727420 0.8452883362770081 170
1740459727549 0.8452883362770081 171
1740459727666 0.8298171758651733 172
1740459727788 0.8382560014724731 173
1740459727899 0.8396624326705933 174
1740459728024 0.8284106850624084 175
1740459728136 0.842475414276123 176
1740459728270 0.8368495106697083 177
1740459728386 0.8410689234733582 178
1740459728504 0.8227847814559937 179
1740459728623 0.8354430198669434 180
1740459728755 0.8340365886688232 181
1740459728870 0.8438818454742432 182
1740459728986 0.8340365886688232 183
1740459729103 0.8438818454742432 184
1740459729221 0.8340365886688232 185
1740459729360 0.8284106850624084 186
1740459729500 0.8284106850624084 187
1740459729650 0.8354430198669434 188
1740459729800 0.842475414276123 189
1740459729954 0.8368495106697083 190
1740459730099 0.8382560014724731 191
1740459730242 0.8452883362770081 192
1740459730366 0.8241912722587585 193
1740459730489 0.8298171758651733 194
1740459730605 0.8270041942596436 195
1740459730723 0.842475414276123 196
1740459730859 0.8481012582778931 197
1740459730981 0.8396624326705933 198
1740459731104 0.8227847814559937 199
1740459731223 0.8241912722587585 200
1740459731338 0.8438818454742432 201
1740459731455 0.8354430198669434 202
1740459731574 0.8509141802787781 203
1740459731686 0.8298171758651733 204
1740459731819 0.8438818454742432 205
1740459731939 0.8354430198669434 206
1740459732072 0.8354430198669434 207
1740459732196 0.8368495106697083 208
1740459732339 0.8396624326705933 209
1740459732456 0.842475414276123 210
1740459732574 0.8298171758651733 211
1740459732702 0.8340365886688232 212
1740459732823 0.8199718594551086 213
1740459732949 0.8270041942596436 214
1740459733091 0.8326300978660583 215
1740459733204 0.8509141802787781 216
1740459733333 0.8354430198669434 217
1740459733456 0.8298171758651733 218
1740459733580 0.8298171758651733 219
1740459733704 0.8326300978660583 220
1740459733833 0.8340365886688232 221
1740459733957 0.8298171758651733 222
1740459734082 0.8326300978660583 223
1740459734209 0.849507749080658 224
1740459734340 0.8410689234733582 225
1740459734473 0.8368495106697083 226
1740459734599 0.8410689234733582 227
1740459734738 0.8466947674751282 228
1740459734854 0.8354430198669434 229
1740459734984 0.8340365886688232 230
1740459735116 0.8284106850624084 231
1740459735244 0.8382560014724731 232
1740459735380 0.8298171758651733 233
1740459735499 0.8213783502578735 234
1740459735625 0.8396624326705933 235
1740459735762 0.8270041942596436 236
1740459735888 0.8593530058860779 237
1740459736009 0.8354430198669434 238
1740459736145 0.8368495106697083 239
1740459736265 0.8382560014724731 240
1740459736411 0.8340365886688232 241
1740459736549 0.8438818454742432 242
1740459736674 0.8396624326705933 243
1740459736815 0.8270041942596436 244
1740459736949 0.8312236070632935 245
1740459737103 0.8368495106697083 246
1740459737247 0.8255977630615234 247
1740459737380 0.8466947674751282 248
1740459737516 0.8382560014724731 249
1740459737649 0.8368495106697083 250
1740459737799 0.8326300978660583 251
1740459737932 0.8326300978660583 252
1740459738075 0.842475414276123 253
1740459738201 0.8368495106697083 254
1740459738316 0.8354430198669434 255
1740459738449 0.8312236070632935 256
1740459738576 0.8481012582778931 257
1740459738699 0.8382560014724731 258
1740459738823 0.8368495106697083 259
1740459738951 0.8466947674751282 260
1740459739075 0.8481012582778931 261
1740459739203 0.8241912722587585 262
1740459739325 0.8410689234733582 263
1740459739458 0.8396624326705933 264
1740459739569 0.8312236070632935 265
1740459739687 0.8340365886688232 266
1740459739827 0.8481012582778931 267
1740459739956 0.8452883362770081 268
1740459740079 0.8340365886688232 269
1740459740232 0.8382560014724731 270
1740459740383 0.8410689234733582 271
1740459740507 0.849507749080658 272
1740459740624 0.8340365886688232 273
1740459740749 0.842475414276123 274
1740459740880 0.8340365886688232 275
1740459741008 0.8382560014724731 276
1740459741137 0.8354430198669434 277
1740459741257 0.8312236070632935 278
1740459741382 0.842475414276123 279
1740459741507 0.8410689234733582 280
1740459741638 0.8396624326705933 281
1740459741761 0.8396624326705933 282
1740459741895 0.8340365886688232 283
1740459742024 0.8326300978660583 284
1740459742152 0.8410689234733582 285
1740459742270 0.842475414276123 286
1740459742387 0.8368495106697083 287
1740459742536 0.8452883362770081 288
1740459742685 0.8452883362770081 289
1740459742832 0.8382560014724731 290
1740459742948 0.8326300978660583 291
1740459743103 0.8326300978660583 292
1740459743245 0.8270041942596436 293
1740459743382 0.8481012582778931 294
1740459743891 0.8466947674751282 295
1740459744004 0.8368495106697083 296
1740459744134 0.8227847814559937 297
1740459744252 0.8368495106697083 298
1740459744370 0.8438818454742432 299
1740459744487 0.849507749080658 300
1740459744606 0.8255977630615234 301
1740459744720 0.8255977630615234 302
1740459744837 0.8382560014724731 303
1740459744970 0.842475414276123 304
1740459745087 0.8354430198669434 305
1740459745223 0.842475414276123 306
1740459745352 0.8466947674751282 307
1740459745472 0.8284106850624084 308
1740459745590 0.8340365886688232 309
1740459745715 0.8270041942596436 310
1740459745843 0.8326300978660583 311
1740459745973 0.8312236070632935 312
1740459746086 0.8340365886688232 313
1740459746207 0.8410689234733582 314
1740459746343 0.8312236070632935 315
1740459746471 0.8354430198669434 316
1740459746587 0.8452883362770081 317
1740459746706 0.8326300978660583 318
1740459746837 0.8354430198669434 319
1740459746953 0.8438818454742432 320
1740459747069 0.8270041942596436 321
1740459747186 0.8270041942596436 322
1740459747298 0.8537271618843079 323
1740459747423 0.8340365886688232 324
1740459747535 0.8382560014724731 325
1740459747663 0.8312236070632935 326
1740459747784 0.8382560014724731 327
1740459747915 0.8452883362770081 328
1740459748048 0.8354430198669434 329
1740459748169 0.842475414276123 330
1740459748319 0.8340365886688232 331
1740459748439 0.8270041942596436 332
1740459748571 0.8270041942596436 333
1740459748699 0.8438818454742432 334
1740459748818 0.8452883362770081 335
1740459748949 0.8340365886688232 336
1740459749073 0.8227847814559937 337
1740459749193 0.8354430198669434 338
1740459749325 0.8410689234733582 339
1740459749438 0.8452883362770081 340
1740459749568 0.8466947674751282 341
1740459749687 0.8368495106697083 342
1740459749805 0.8481012582778931 343
1740459749922 0.842475414276123 344
1740459750037 0.8466947674751282 345
1740459750156 0.842475414276123 346
1740459750272 0.842475414276123 347
1740459750403 0.8396624326705933 348
1740459750530 0.842475414276123 349
1740459750665 0.8340365886688232 350
1740459750794 0.8410689234733582 351
1740459750915 0.8255977630615234 352
1740459751054 0.8255977630615234 353
1740459751186 0.8382560014724731 354
1740459751315 0.8382560014724731 355
1740459751467 0.8298171758651733 356
1740459751618 0.842475414276123 357
1740459751768 0.8326300978660583 358
1740459751898 0.8410689234733582 359
1740459752023 0.8452883362770081 360
1740459752147 0.8396624326705933 361
1740459752265 0.8227847814559937 362
1740459752386 0.8326300978660583 363
1740459752531 0.8368495106697083 364
1740459752654 0.849507749080658 365
1740459752772 0.8340365886688232 366
1740459752887 0.8368495106697083 367
1740459753015 0.8326300978660583 368
1740459753153 0.842475414276123 369
1740459753298 0.855133593082428 370
1740459753452 0.8255977630615234 371
1740459753598 0.8382560014724731 372
1740459753747 0.8382560014724731 373
1740459753865 0.8382560014724731 374
1740459753981 0.8452883362770081 375
1740459754115 0.8354430198669434 376
1740459754257 0.8326300978660583 377
1740459754382 0.8340365886688232 378
1740459754498 0.842475414276123 379
1740459754631 0.8368495106697083 380
1740459754762 0.8255977630615234 381
1740459754885 0.8452883362770081 382
1740459755003 0.8410689234733582 383
1740459755125 0.8382560014724731 384
1740459755248 0.8481012582778931 385
1740459755377 0.8382560014724731 386
1740459755498 0.8466947674751282 387
1740459755627 0.8298171758651733 388
1740459755756 0.8452883362770081 389
1740459755879 0.8396624326705933 390
1740459756003 0.8438818454742432 391
1740459756115 0.8396624326705933 392
1740459756253 0.8410689234733582 393
1740459756382 0.8312236070632935 394
1740459756556 0.8537271618843079 395
1740459756719 0.8452883362770081 396
1740459756848 0.8466947674751282 397
1740459757015 0.8382560014724731 398
1740459757169 0.8326300978660583 399
1740459757298 0.8382560014724731 400
1740459757421 0.8382560014724731 401
1740459757554 0.8326300978660583 402
1740459757672 0.8438818454742432 403
1740459757804 0.8396624326705933 404
1740459757920 0.842475414276123 405
1740459758052 0.8438818454742432 406
1740459758178 0.8255977630615234 407
1740459758309 0.8298171758651733 408
1740459758431 0.8382560014724731 409
1740459758559 0.842475414276123 410
1740459758696 0.8410689234733582 411
1740459758826 0.842475414276123 412
1740459758974 0.8270041942596436 413
1740459759115 0.8466947674751282 414
1740459759245 0.842475414276123 415
1740459759379 0.8284106850624084 416
1740459759519 0.8270041942596436 417
1740459759648 0.8255977630615234 418
1740459759800 0.8452883362770081 419
1740459759932 0.8354430198669434 420
1740459760064 0.8466947674751282 421
1740459760207 0.8466947674751282 422
1740459760333 0.8298171758651733 423
1740459760454 0.842475414276123 424
1740459760572 0.8284106850624084 425
1740459760688 0.8438818454742432 426
1740459760816 0.8284106850624084 427
1740459760931 0.8509141802787781 428
1740459761053 0.8270041942596436 429
1740459761189 0.8481012582778931 430
1740459761306 0.8621659874916077 431
1740459761420 0.8438818454742432 432
1740459761534 0.849507749080658 433
1740459761666 0.8410689234733582 434
1740459761787 0.8298171758651733 435
1740459761917 0.8284106850624084 436
1740459762048 0.8270041942596436 437
1740459762189 0.8326300978660583 438
1740459762324 0.8382560014724731 439
1740459762450 0.8438818454742432 440
1740459762564 0.8452883362770081 441
1740459762687 0.8312236070632935 442
1740459762835 0.8284106850624084 443
1740459762968 0.8312236070632935 444
1740459763085 0.842475414276123 445
1740459763236 0.8635724186897278 446
1740459763355 0.8410689234733582 447
1740459763493 0.8298171758651733 448
1740459763629 0.8368495106697083 449
1740459763750 0.8565400838851929 450
1740459763864 0.8396624326705933 451
1740459763988 0.8481012582778931 452
1740459764105 0.8368495106697083 453
1740459764237 0.8481012582778931 454
1740459764369 0.852320671081543 455
1740459764526 0.8354430198669434 456
1740459764664 0.8593530058860779 457
1740459764808 0.8410689234733582 458
1740459764952 0.8326300978660583 459
1740459765096 0.8410689234733582 460
1740459765256 0.8565400838851929 461
1740459765391 0.8368495106697083 462
1740459765528 0.8410689234733582 463
1740459765647 0.8396624326705933 464
1740459765774 0.8312236070632935 465
1740459765897 0.8410689234733582 466
1740459766014 0.8396624326705933 467
1740459766133 0.8466947674751282 468
1740459766247 0.8410689234733582 469
1740459766357 0.8438818454742432 470
1740459766486 0.849507749080658 471
1740459766600 0.8565400838851929 472
1740459766733 0.8481012582778931 473
1740459766847 0.8382560014724731 474
1740459766970 0.8481012582778931 475
1740459767085 0.8312236070632935 476
1740459767201 0.8438818454742432 477
1740459767314 0.842475414276123 478
1740459767427 0.8354430198669434 479
1740459767557 0.842475414276123 480
1740459767667 0.8466947674751282 481
1740459767796 0.852320671081543 482
1740459767916 0.8410689234733582 483
1740459768025 0.8537271618843079 484
1740459768135 0.8410689234733582 485
1740459768273 0.8382560014724731 486
1740459768391 0.842475414276123 487
1740459768497 0.8284106850624084 488
1740459768630 0.8438818454742432 489
1740459768742 0.8466947674751282 490
1740459768866 0.8537271618843079 491
1740459768986 0.8466947674751282 492
1740459769097 0.842475414276123 493
1740459769227 0.8438818454742432 494
1740459769349 0.842475414276123 495
1740459769475 0.8312236070632935 496
1740459769584 0.8270041942596436 497
1740459769713 0.8410689234733582 498
1740459769830 0.8565400838851929 499
1740459769941 0.849507749080658 500
1740459770068 0.8284106850624084 501
1740459770181 0.8509141802787781 502
1740459770300 0.842475414276123 503
1740459770429 0.842475414276123 504
1740459770546 0.855133593082428 505
1740459770680 0.8368495106697083 506
1740459770815 0.8410689234733582 507
1740459770950 0.8579465746879578 508
1740459771063 0.8396624326705933 509
1740459771177 0.8565400838851929 510
1740459771330 0.8537271618843079 511
1740459771457 0.849507749080658 512
1740459771592 0.8298171758651733 513
1740459771711 0.8396624326705933 514
1740459771822 0.8354430198669434 515
1740459771959 0.849507749080658 516
1740459772083 0.8438818454742432 517
1740459772197 0.8509141802787781 518
1740459772329 0.8396624326705933 519
1740459772448 0.8579465746879578 520
1740459772567 0.852320671081543 521
1740459772680 0.849507749080658 522
1740459772797 0.8466947674751282 523
1740459772914 0.8579465746879578 524
1740459773061 0.8410689234733582 525
1740459773184 0.8452883362770081 526
1740459773322 0.8565400838851929 527
1740459773452 0.8565400838851929 528
1740459773585 0.8481012582778931 529
1740459773730 0.852320671081543 530
1740459773860 0.8452883362770081 531
1740459773995 0.8452883362770081 532
1740459774116 0.8438818454742432 533
1740459774254 0.8481012582778931 534
1740459774387 0.8579465746879578 535
1740459774530 0.8635724186897278 536
1740459774668 0.8537271618843079 537
1740459774799 0.8565400838851929 538
1740459774929 0.8410689234733582 539
1740459775050 0.8509141802787781 540
1740459775182 0.8565400838851929 541
1740459775327 0.8452883362770081 542
1740459775450 0.8438818454742432 543
1740459775579 0.849507749080658 544
1740459775713 0.8452883362770081 545
1740459775834 0.852320671081543 546
1740459775967 0.842475414276123 547
1740459776085 0.8579465746879578 548
1740459776213 0.8452883362770081 549
1740459776330 0.8438818454742432 550
1740459776472 0.852320671081543 551
1740459776600 0.8537271618843079 552
1740459776742 0.849507749080658 553
1740459776869 0.852320671081543 554
1740459777004 0.8354430198669434 555
1740459777134 0.852320671081543 556
1740459777269 0.8593530058860779 557
1740459777410 0.8481012582778931 558
1740459777559 0.8410689234733582 559
1740459777684 0.8537271618843079 560
1740459777819 0.8579465746879578 561
1740459777950 0.8579465746879578 562
1740459778084 0.8565400838851929 563
1740459778214 0.8509141802787781 564
1740459778346 0.849507749080658 565
1740459778480 0.8579465746879578 566
1740459778603 0.8199718594551086 567
1740459778722 0.8452883362770081 568
1740459778849 0.855133593082428 569
1740459778972 0.8481012582778931 570
1740459779084 0.8466947674751282 571
1740459779219 0.8396624326705933 572
1740459779346 0.8734177350997925 573
1740459779469 0.849507749080658 574
1740459779586 0.8481012582778931 575
1740459779707 0.849507749080658 576
1740459779813 0.842475414276123 577
1740459779946 0.8452883362770081 578
1740459780104 0.8452883362770081 579
1740459780247 0.8452883362770081 580
1740459780412 0.8481012582778931 581
1740459780562 0.8382560014724731 582
1740459780697 0.8481012582778931 583
1740459780863 0.8621659874916077 584
1740459780996 0.8466947674751282 585
1740459781149 0.852320671081543 586
1740459781280 0.852320671081543 587
1740459781413 0.8438818454742432 588
1740459781535 0.852320671081543 589
1740459781646 0.8565400838851929 590
1740459781798 0.8382560014724731 591
1740459781917 0.8368495106697083 592
1740459782037 0.8466947674751282 593
1740459782163 0.849507749080658 594
1740459782285 0.842475414276123 595
1740459782396 0.8537271618843079 596
1740459782538 0.852320671081543 597
1740459782663 0.8466947674751282 598
1740459782796 0.855133593082428 599
1740459782918 0.842475414276123 600
1740459783051 0.8509141802787781 601
1740459783163 0.8593530058860779 602
1740459783297 0.8579465746879578 603
1740459783429 0.8593530058860779 604
1740459783554 0.8579465746879578 605
1740459783678 0.8481012582778931 606
1740459783801 0.842475414276123 607
1740459783920 0.852320671081543 608
1740459784046 0.8466947674751282 609
1740459784179 0.8565400838851929 610
1740459784318 0.8466947674751282 611
1740459784446 0.8382560014724731 612
1740459784572 0.8284106850624084 613
1740459784679 0.849507749080658 614
1740459784796 0.8607594966888428 615
1740459784935 0.852320671081543 616
1740459785054 0.8537271618843079 617
1740459785183 0.849507749080658 618
1740459785313 0.8663854002952576 619
1740459785468 0.849507749080658 620
1740459785613 0.855133593082428 621
1740459785746 0.8509141802787781 622
1740459785887 0.8537271618843079 623
1740459786048 0.8593530058860779 624
1740459786205 0.842475414276123 625
1740459786332 0.855133593082428 626
1740459786469 0.8340365886688232 627
1740459786581 0.852320671081543 628
1740459786714 0.8579465746879578 629
1740459786856 0.8677918314933777 630
1740459786991 0.8410689234733582 631
1740459787114 0.849507749080658 632
1740459787230 0.842475414276123 633
1740459787370 0.8410689234733582 634
1740459787503 0.842475414276123 635
1740459787646 0.8368495106697083 636
1740459787792 0.8579465746879578 637
1740459787933 0.8452883362770081 638
1740459788078 0.8382560014724731 639
1740459788220 0.8635724186897278 640
1740459788352 0.8509141802787781 641
1740459788493 0.8565400838851929 642
1740459788632 0.8410689234733582 643
1740459788759 0.8368495106697083 644
1740459788903 0.8438818454742432 645
1740459789032 0.852320671081543 646
1740459789162 0.8481012582778931 647
1740459789301 0.8509141802787781 648
1740459789425 0.8607594966888428 649
1740459789553 0.855133593082428 650
1740459789671 0.8720112442970276 651
1740459789797 0.8481012582778931 652
1740459789943 0.852320671081543 653
1740459790072 0.8452883362770081 654
1740459790202 0.849507749080658 655
1740459790347 0.8396624326705933 656
1740459790496 0.8621659874916077 657
1740459790648 0.842475414276123 658
1740459790790 0.8481012582778931 659
1740459790922 0.8607594966888428 660
1740459791063 0.8509141802787781 661
1740459791213 0.8481012582778931 662
1740459791365 0.8621659874916077 663
1740459791496 0.8607594966888428 664
1740459791637 0.8621659874916077 665
1740459791771 0.8509141802787781 666
1740459791894 0.8537271618843079 667
1740459792022 0.852320671081543 668
1740459792156 0.8396624326705933 669
1740459792301 0.8466947674751282 670
1740459792463 0.8509141802787781 671
1740459792635 0.849507749080658 672
1740459792783 0.8466947674751282 673
1740459792934 0.8565400838851929 674
1740459793055 0.8579465746879578 675
1740459793191 0.852320671081543 676
1740459793332 0.8635724186897278 677
1740459793465 0.8607594966888428 678
1740459793601 0.8396624326705933 679
1740459793745 0.855133593082428 680
1740459793884 0.849507749080658 681
1740459794042 0.8593530058860779 682
1740459794175 0.8481012582778931 683
1740459794317 0.8565400838851929 684
1740459794460 0.8607594966888428 685
1740459794607 0.8466947674751282 686
1740459794742 0.8466947674751282 687
1740459794866 0.8565400838851929 688
1740459795024 0.8537271618843079 689
1740459795173 0.852320671081543 690
1740459795334 0.842475414276123 691
1740459795499 0.8466947674751282 692
1740459795634 0.8537271618843079 693
1740459795778 0.855133593082428 694
1740459795932 0.8438818454742432 695
1740459796090 0.842475414276123 696
1740459796236 0.8466947674751282 697
1740459796391 0.852320671081543 698
1740459796543 0.852320671081543 699
1740459796679 0.8565400838851929 700
1740459796854 0.8565400838851929 701
1740459797027 0.8509141802787781 702
1740459797189 0.8396624326705933 703
1740459797315 0.8481012582778931 704
1740459797462 0.8466947674751282 705
1740459797634 0.8481012582778931 706
1740459797800 0.8607594966888428 707
1740459797951 0.8706047534942627 708
1740459798089 0.8565400838851929 709
1740459798231 0.8452883362770081 710
1740459798365 0.849507749080658 711
1740459798512 0.8565400838851929 712
1740459798659 0.849507749080658 713
1740459798785 0.8410689234733582 714
1740459798913 0.8537271618843079 715
1740459799045 0.8635724186897278 716
1740459799200 0.8635724186897278 717
1740459799327 0.8438818454742432 718
1740459799461 0.8466947674751282 719
1740459799590 0.8565400838851929 720
1740459799731 0.8635724186897278 721
1740459799891 0.8635724186897278 722
1740459800027 0.8466947674751282 723
1740459800180 0.8537271618843079 724
1740459800314 0.8481012582778931 725
1740459800447 0.8438818454742432 726
1740459800580 0.8579465746879578 727
1740459800717 0.8466947674751282 728
1740459800860 0.855133593082428 729
1740459800989 0.849507749080658 730
1740459801122 0.8593530058860779 731
1740459801255 0.8481012582778931 732
1740459801391 0.8452883362770081 733
1740459801554 0.8579465746879578 734
1740459801682 0.8565400838851929 735
1740459801815 0.8481012582778931 736
1740459801944 0.8537271618843079 737
1740459802074 0.849507749080658 738
1740459802212 0.8565400838851929 739
1740459802362 0.8621659874916077 740
1740459802497 0.8466947674751282 741
1740459802638 0.8340365886688232 742
1740459802772 0.8649789094924927 743
1740459802913 0.849507749080658 744
1740459803095 0.8410689234733582 745
1740459803231 0.849507749080658 746
1740459803360 0.849507749080658 747
1740459803495 0.852320671081543 748
1740459803617 0.8579465746879578 749
1740459803737 0.8438818454742432 750
1740459803862 0.8565400838851929 751
1740459803995 0.849507749080658 752
1740459804112 0.8481012582778931 753
1740459804238 0.849507749080658 754
1740459804378 0.8579465746879578 755
1740459804512 0.8677918314933777 756
1740459804649 0.8607594966888428 757
1740459804791 0.8677918314933777 758
1740459804915 0.852320671081543 759
1740459805048 0.8509141802787781 760
1740459805178 0.8607594966888428 761
1740459805311 0.855133593082428 762
1740459805455 0.852320671081543 763
1740459805582 0.8663854002952576 764
1740459805700 0.852320671081543 765
1740459805832 0.8509141802787781 766
1740459805964 0.8284106850624084 767
1740459806111 0.852320671081543 768
1740459806254 0.8537271618843079 769
1740459806390 0.8649789094924927 770
1740459806537 0.8537271618843079 771
1740459806680 0.8509141802787781 772
1740459806811 0.8466947674751282 773
1740459806947 0.8481012582778931 774
1740459807091 0.8481012582778931 775
1740459807232 0.8579465746879578 776
1740459807364 0.8565400838851929 777
1740459807504 0.8607594966888428 778
1740459807652 0.8452883362770081 779
1740459807777 0.855133593082428 780
1740459807900 0.842475414276123 781
1740459808021 0.852320671081543 782
1740459808148 0.8410689234733582 783
1740459808282 0.8438818454742432 784
1740459808414 0.8396624326705933 785
1740459808549 0.8579465746879578 786
1740459808680 0.8565400838851929 787
1740459808815 0.8706047534942627 788
1740459808947 0.849507749080658 789
1740459809069 0.8466947674751282 790
1740459809194 0.8396624326705933 791
1740459809319 0.8438818454742432 792
1740459809438 0.849507749080658 793
1740459809578 0.842475414276123 794
1740459809698 0.8382560014724731 795
1740459809830 0.8537271618843079 796
1740459809961 0.8466947674751282 797
1740459810111 0.8691983222961426 798
1740459810238 0.8635724186897278 799
