1740459706435 0.5519347786903381 0
1740459706569 0.5519347786903381 1
1740459706688 0.5519347786903381 2
1740459706798 0.5519347786903381 3
1740459706918 0.5519347786903381 4
1740459707055 0.5519347786903381 5
1740459707169 0.5519347786903381 6
1740459707285 0.5519347786903381 7
1740459707398 0.5519347786903381 8
1740459707525 0.5519347786903381 9
1740459707636 0.5519347786903381 10
1740459707761 0.5519347786903381 11
1740459707894 0.5519347786903381 12
1740459708003 0.5519347786903381 13
1740459708136 0.5519347786903381 14
1740459708252 0.5519347786903381 15
1740459708400 0.5519347786903381 16
1740459708540 0.5519347786903381 17
1740459708657 0.5519347786903381 18
1740459708786 0.5519347786903381 19
1740459708921 0.5519347786903381 20
1740459709060 0.5519347786903381 21
1740459709203 0.5519347786903381 22
1740459709329 0.5519347786903381 23
1740459709439 0.5519347786903381 24
1740459709572 0.5519347786903381 25
1740459709687 0.5519347786903381 26
1740459709817 0.5519347786903381 27
1740459709943 0.5519347786903381 28
1740459710067 0.5519347786903381 29
1740459710196 0.5519347786903381 30
1740459710330 0.5519347786903381 31
1740459710453 0.5519347786903381 32
1740459710567 0.5519347786903381 33
1740459710687 0.5519347786903381 34
1740459710801 0.5519347786903381 35
1740459710922 0.5519347786903381 36
1740459711045 0.5519347786903381 37
1740459711170 0.5519347786903381 38
1740459711301 0.5519347786903381 39
1740459711444 0.5519347786903381 40
1740459711569 0.5519347786903381 41
1740459711690 0.5519347786903381 42
1740459711809 0.5519347786903381 43
1740459711934 0.5519347786903381 44
1740459712067 0.5519347786903381 45
1740459712190 0.5519347786903381 46
1740459712309 0.5519347786903381 47
1740459712443 0.5519347786903381 48
1740459712579 0.5519347786903381 49
1740459712700 0.5519347786903381 50
1740459712821 0.5519347786903381 51
1740459712940 0.5519347786903381 52
1740459713070 0.5519347786903381 53
1740459713195 0.5519347786903381 54
1740459713325 0.5519347786903381 55
1740459713439 0.5519347786903381 56
1740459713554 0.5519347786903381 57
1740459713670 0.5519347786903381 58
1740459713783 0.5519347786903381 59
1740459713888 0.5519347786903381 60
1740459714007 0.5519347786903381 61
1740459714137 0.5519347786903381 62
1740459714250 0.5519347786903381 63
1740459714365 0.5519347786903381 64
1740459714484 0.5519347786903381 65
1740459714600 0.5519347786903381 66
1740459714704 0.5519347786903381 67
1740459714823 0.5519347786903381 68
1740459714939 0.5519347786903381 69
1740459715053 0.5519347786903381 70
1740459715165 0.5519347786903381 71
1740459715271 0.5519347786903381 72
1740459715402 0.5519347786903381 73
1740459715552 0.5519347786903381 74
1740459715684 0.5519347786903381 75
1740459715830 0.5519347786903381 76
1740459715954 0.5519347786903381 77
1740459716072 0.5519347786903381 78
1740459716187 0.5519347786903381 79
1740459716300 0.5519347786903381 80
1740459716420 0.5519347786903381 81
1740459716534 0.5519347786903381 82
1740459716652 0.5519347786903381 83
1740459716768 0.5519347786903381 84
1740459716884 0.5519347786903381 85
1740459717003 0.5519347786903381 86
1740459717104 0.5519347786903381 87
1740459717220 0.5519347786903381 88
1740459717361 0.5519347786903381 89
1740459717500 0.5519347786903381 90
1740459717622 0.5519347786903381 91
1740459717759 0.5519347786903381 92
1740459717872 0.5519347786903381 93
1740459718006 0.5519347786903381 94
1740459718131 0.5519347786903381 95
1740459718242 0.5519347786903381 96
1740459718384 0.5519347786903381 97
1740459718549 0.5519347786903381 98
1740459718670 0.5519347786903381 99
1740459718800 0.5519347786903381 100
1740459718922 0.5519347786903381 101
1740459719036 0.5519347786903381 102
1740459719155 0.5519347786903381 103
1740459719278 0.5519347786903381 104
1740459719388 0.5519347786903381 105
1740459719520 0.5519347786903381 106
1740459719636 0.5519347786903381 107
1740459719753 0.5519347786903381 108
1740459719870 0.5519347786903381 109
1740459719984 0.5519347786903381 110
1740459720101 0.5519347786903381 111
1740459720222 0.5519347786903381 112
1740459720342 0.5519347786903381 113
1740459720467 0.5519347786903381 114
1740459720599 0.5519347786903381 115
1740459720729 0.5519347786903381 116
1740459720864 0.5519347786903381 117
1740459721000 0.5519347786903381 118
1740459721117 0.5519347786903381 119
1740459721239 0.5519347786903381 120
1740459721365 0.5519347786903381 121
1740459721471 0.5519347786903381 122
1740459721609 0.5519347786903381 123
1740459721723 0.5519347786903381 124
1740459721839 0.5519347786903381 125
1740459721953 0.5519347786903381 126
1740459722067 0.5519347786903381 127
1740459722184 0.5519347786903381 128
1740459722300 0.5519347786903381 129
1740459722419 0.5519347786903381 130
1740459722531 0.5519347786903381 131
1740459722654 0.5519347786903381 132
1740459722753 0.5519347786903381 133
1740459722900 0.5519347786903381 134
1740459723017 0.5519347786903381 135
1740459723149 0.5519347786903381 136
1740459723266 0.5519347786903381 137
1740459723384 0.5519347786903381 138
1740459723533 0.5519347786903381 139
1740459723653 0.5519347786903381 140
1740459723772 0.5519347786903381 141
1740459723902 0.5519347786903381 142
1740459724017 0.5519347786903381 143
1740459724164 0.5519347786903381 144
1740459724272 0.5519347786903381 145
1740459724397 0.5519347786903381 146
1740459724505 0.5519347786903381 147
1740459724621 0.5519347786903381 148
1740459724736 0.5519347786903381 149
1740459724856 0.5519347786903381 150
1740459724989 0.5519347786903381 151
1740459725105 0.5519347786903381 152
1740459725216 0.5519347786903381 153
1740459725341 0.5519347786903381 154
1740459725458 0.5519347786903381 155
1740459725570 0.5519347786903381 156
1740459725687 0.5519347786903381 157
1740459725818 0.5519347786903381 158
1740459725950 0.5519347786903381 159
1740459726076 0.5519347786903381 160
1740459726207 0.5519347786903381 161
1740459726343 0.5519347786903381 162
1740459726483 0.5519347786903381 163
1740459726636 0.5519347786903381 164
1740459726777 0.5519347786903381 165
1740459726907 0.5519347786903381 166
1740459727043 0.5519347786903381 167
1740459727183 0.5519347786903381 168
1740459727303 0.5519347786903381 169
1740459727420 0.5519347786903381 170
1740459727549 0.5519347786903381 171
1740459727666 0.5519347786903381 172
1740459727788 0.5519347786903381 173
1740459727899 0.5519347786903381 174
1740459728024 0.5519347786903381 175
1740459728136 0.5519347786903381 176
1740459728270 0.5519347786903381 177
1740459728386 0.5519347786903381 178
1740459728504 0.5519347786903381 179
1740459728623 0.5519347786903381 180
1740459728755 0.5519347786903381 181
1740459728870 0.5519347786903381 182
1740459728986 0.5519347786903381 183
1740459729103 0.5519347786903381 184
1740459729221 0.5519347786903381 185
1740459729360 0.5519347786903381 186
1740459729500 0.5519347786903381 187
1740459729650 0.5519347786903381 188
1740459729800 0.5519347786903381 189
1740459729954 0.5519347786903381 190
1740459730099 0.5519347786903381 191
1740459730242 0.5519347786903381 192
1740459730366 0.5519347786903381 193
1740459730489 0.5519347786903381 194
1740459730605 0.5519347786903381 195
1740459730723 0.5519347786903381 196
1740459730859 0.5519347786903381 197
1740459730981 0.5519347786903381 198
1740459731104 0.5519347786903381 199
1740459731223 0.5519347786903381 200
1740459731338 0.5519347786903381 201
1740459731455 0.5519347786903381 202
1740459731574 0.5519347786903381 203
1740459731686 0.5519347786903381 204
1740459731819 0.5519347786903381 205
1740459731939 0.5519347786903381 206
1740459732072 0.5519347786903381 207
1740459732196 0.5519347786903381 208
1740459732339 0.5519347786903381 209
1740459732456 0.5519347786903381 210
1740459732574 0.5519347786903381 211
1740459732702 0.5519347786903381 212
1740459732823 0.5519347786903381 213
1740459732949 0.5519347786903381 214
1740459733091 0.5519347786903381 215
1740459733204 0.5519347786903381 216
1740459733333 0.5519347786903381 217
1740459733456 0.5519347786903381 218
1740459733580 0.5519347786903381 219
1740459733704 0.5519347786903381 220
1740459733833 0.5519347786903381 221
1740459733957 0.5519347786903381 222
1740459734082 0.5519347786903381 223
1740459734209 0.5519347786903381 224
1740459734340 0.5519347786903381 225
1740459734473 0.5519347786903381 226
1740459734599 0.5519347786903381 227
1740459734738 0.5519347786903381 228
1740459734854 0.5519347786903381 229
1740459734984 0.5519347786903381 230
1740459735116 0.5519347786903381 231
1740459735244 0.5519347786903381 232
1740459735380 0.5519347786903381 233
1740459735499 0.5519347786903381 234
1740459735625 0.5519347786903381 235
1740459735762 0.5519347786903381 236
1740459735888 0.5519347786903381 237
1740459736009 0.5519347786903381 238
1740459736145 0.5519347786903381 239
1740459736265 0.5519347786903381 240
1740459736411 0.5519347786903381 241
1740459736549 0.5519347786903381 242
1740459736674 0.5519347786903381 243
1740459736815 0.5519347786903381 244
1740459736949 0.5519347786903381 245
1740459737103 0.5519347786903381 246
1740459737247 0.5519347786903381 247
1740459737380 0.5519347786903381 248
1740459737516 0.5519347786903381 249
1740459737649 0.5519347786903381 250
1740459737799 0.5519347786903381 251
1740459737932 0.5519347786903381 252
1740459738075 0.5519347786903381 253
1740459738201 0.5519347786903381 254
1740459738316 0.5519347786903381 255
1740459738449 0.5519347786903381 256
1740459738576 0.5519347786903381 257
1740459738699 0.5519347786903381 258
1740459738823 0.5519347786903381 259
1740459738951 0.5519347786903381 260
1740459739075 0.5519347786903381 261
1740459739203 0.5519347786903381 262
1740459739325 0.5519347786903381 263
1740459739458 0.5519347786903381 264
1740459739569 0.5519347786903381 265
1740459739687 0.5519347786903381 266
1740459739827 0.5519347786903381 267
1740459739956 0.5519347786903381 268
1740459740079 0.5519347786903381 269
1740459740232 0.5519347786903381 270
1740459740383 0.5519347786903381 271
1740459740507 0.5519347786903381 272
1740459740624 0.5519347786903381 273
1740459740749 0.5519347786903381 274
1740459740880 0.5519347786903381 275
1740459741008 0.5519347786903381 276
1740459741137 0.5519347786903381 277
1740459741257 0.5519347786903381 278
1740459741382 0.5519347786903381 279
1740459741507 0.5519347786903381 280
1740459741638 0.5519347786903381 281
1740459741761 0.5519347786903381 282
1740459741895 0.5519347786903381 283
1740459742024 0.5519347786903381 284
1740459742152 0.5519347786903381 285
1740459742270 0.5519347786903381 286
1740459742387 0.5519347786903381 287
1740459742536 0.5519347786903381 288
1740459742685 0.5519347786903381 289
1740459742832 0.5519347786903381 290
1740459742948 0.5519347786903381 291
1740459743103 0.5519347786903381 292
1740459743245 0.5519347786903381 293
1740459743382 0.5519347786903381 294
1740459743891 0.5519347786903381 295
1740459744004 0.5519347786903381 296
1740459744134 0.5519347786903381 297
1740459744252 0.5519347786903381 298
1740459744370 0.5519347786903381 299
1740459744487 0.5519347786903381 300
1740459744606 0.5519347786903381 301
1740459744720 0.5519347786903381 302
1740459744837 0.5519347786903381 303
1740459744970 0.5519347786903381 304
1740459745087 0.5519347786903381 305
1740459745223 0.5519347786903381 306
1740459745352 0.5519347786903381 307
1740459745472 0.5519347786903381 308
1740459745590 0.5519347786903381 309
1740459745715 0.5519347786903381 310
1740459745843 0.5519347786903381 311
1740459745973 0.5519347786903381 312
1740459746086 0.5519347786903381 313
1740459746207 0.5519347786903381 314
1740459746343 0.5519347786903381 315
1740459746471 0.5519347786903381 316
1740459746587 0.5519347786903381 317
1740459746706 0.5519347786903381 318
1740459746837 0.5519347786903381 319
1740459746953 0.5519347786903381 320
1740459747069 0.5519347786903381 321
1740459747186 0.5519347786903381 322
1740459747298 0.5519347786903381 323
1740459747423 0.5519347786903381 324
1740459747535 0.5519347786903381 325
1740459747663 0.5519347786903381 326
1740459747784 0.5519347786903381 327
1740459747915 0.5519347786903381 328
1740459748048 0.5519347786903381 329
1740459748169 0.5519347786903381 330
1740459748319 0.5519347786903381 331
1740459748439 0.5519347786903381 332
1740459748571 0.5519347786903381 333
1740459748699 0.5519347786903381 334
1740459748818 0.5519347786903381 335
1740459748949 0.5519347786903381 336
1740459749073 0.5519347786903381 337
1740459749193 0.5519347786903381 338
1740459749325 0.5519347786903381 339
1740459749438 0.5519347786903381 340
1740459749568 0.5519347786903381 341
1740459749687 0.5519347786903381 342
1740459749805 0.5519347786903381 343
1740459749922 0.5519347786903381 344
1740459750037 0.5519347786903381 345
1740459750156 0.5519347786903381 346
1740459750272 0.5519347786903381 347
1740459750403 0.5519347786903381 348
1740459750530 0.5519347786903381 349
1740459750665 0.5519347786903381 350
1740459750794 0.5519347786903381 351
1740459750915 0.5519347786903381 352
1740459751054 0.5519347786903381 353
1740459751186 0.5519347786903381 354
1740459751315 0.5519347786903381 355
1740459751467 0.5519347786903381 356
1740459751618 0.5519347786903381 357
1740459751768 0.5519347786903381 358
1740459751898 0.5519347786903381 359
1740459752023 0.5519347786903381 360
1740459752147 0.5519347786903381 361
1740459752265 0.5519347786903381 362
1740459752386 0.5519347786903381 363
1740459752531 0.5519347786903381 364
1740459752654 0.5519347786903381 365
1740459752772 0.5519347786903381 366
1740459752887 0.5519347786903381 367
1740459753015 0.5519347786903381 368
1740459753153 0.5519347786903381 369
1740459753298 0.5519347786903381 370
1740459753452 0.5519347786903381 371
1740459753598 0.5519347786903381 372
1740459753747 0.5519347786903381 373
1740459753865 0.5519347786903381 374
1740459753981 0.5519347786903381 375
1740459754115 0.5519347786903381 376
1740459754257 0.5519347786903381 377
1740459754382 0.5519347786903381 378
1740459754498 0.5519347786903381 379
1740459754631 0.5519347786903381 380
1740459754762 0.5519347786903381 381
1740459754885 0.5519347786903381 382
1740459755003 0.5519347786903381 383
1740459755125 0.5519347786903381 384
1740459755248 0.5519347786903381 385
1740459755377 0.5519347786903381 386
1740459755498 0.5519347786903381 387
1740459755627 0.5519347786903381 388
1740459755756 0.5519347786903381 389
1740459755879 0.5519347786903381 390
1740459756003 0.5519347786903381 391
1740459756115 0.5519347786903381 392
1740459756253 0.5519347786903381 393
1740459756382 0.5519347786903381 394
1740459756556 0.5519347786903381 395
1740459756719 0.5519347786903381 396
1740459756848 0.5519347786903381 397
1740459757015 0.5519347786903381 398
1740459757169 0.5519347786903381 399
1740459757298 0.5519347786903381 400
1740459757421 0.5519347786903381 401
1740459757554 0.5519347786903381 402
1740459757672 0.5519347786903381 403
1740459757804 0.5519347786903381 404
1740459757920 0.5519347786903381 405
1740459758052 0.5519347786903381 406
1740459758178 0.5519347786903381 407
1740459758309 0.5519347786903381 408
1740459758431 0.5519347786903381 409
1740459758559 0.5519347786903381 410
1740459758696 0.5519347786903381 411
1740459758826 0.5519347786903381 412
1740459758974 0.5519347786903381 413
1740459759115 0.5519347786903381 414
1740459759245 0.5519347786903381 415
1740459759379 0.5519347786903381 416
1740459759519 0.5519347786903381 417
1740459759648 0.5519347786903381 418
1740459759800 0.5519347786903381 419
1740459759932 0.5519347786903381 420
1740459760064 0.5519347786903381 421
1740459760207 0.5519347786903381 422
1740459760333 0.5519347786903381 423
1740459760454 0.5519347786903381 424
1740459760572 0.5519347786903381 425
1740459760688 0.5519347786903381 426
1740459760816 0.5519347786903381 427
1740459760931 0.5519347786903381 428
1740459761053 0.5519347786903381 429
1740459761189 0.5519347786903381 430
1740459761306 0.5519347786903381 431
1740459761420 0.5519347786903381 432
1740459761534 0.5519347786903381 433
1740459761666 0.5519347786903381 434
1740459761787 0.5519347786903381 435
1740459761917 0.5519347786903381 436
1740459762048 0.5519347786903381 437
1740459762189 0.5519347786903381 438
1740459762324 0.5519347786903381 439
1740459762450 0.5519347786903381 440
1740459762564 0.5519347786903381 441
1740459762687 0.5519347786903381 442
1740459762835 0.5519347786903381 443
1740459762968 0.5519347786903381 444
1740459763085 0.5519347786903381 445
1740459763236 0.5519347786903381 446
1740459763355 0.5519347786903381 447
1740459763493 0.5519347786903381 448
1740459763629 0.5519347786903381 449
1740459763750 0.5519347786903381 450
1740459763864 0.5519347786903381 451
1740459763988 0.5519347786903381 452
1740459764105 0.5519347786903381 453
1740459764237 0.5519347786903381 454
1740459764369 0.5519347786903381 455
1740459764526 0.5519347786903381 456
1740459764664 0.5519347786903381 457
1740459764808 0.5519347786903381 458
1740459764952 0.5519347786903381 459
1740459765096 0.5519347786903381 460
1740459765256 0.5519347786903381 461
1740459765391 0.5519347786903381 462
1740459765528 0.5519347786903381 463
1740459765647 0.5519347786903381 464
1740459765774 0.5519347786903381 465
1740459765897 0.5519347786903381 466
1740459766014 0.5519347786903381 467
1740459766133 0.5519347786903381 468
1740459766247 0.5519347786903381 469
1740459766357 0.5519347786903381 470
1740459766486 0.5519347786903381 471
1740459766600 0.5519347786903381 472
1740459766733 0.5519347786903381 473
1740459766847 0.5519347786903381 474
1740459766970 0.5519347786903381 475
1740459767085 0.5519347786903381 476
1740459767201 0.5519347786903381 477
1740459767314 0.5519347786903381 478
1740459767427 0.5519347786903381 479
1740459767557 0.5519347786903381 480
1740459767667 0.5519347786903381 481
1740459767796 0.5519347786903381 482
1740459767916 0.5519347786903381 483
1740459768025 0.5519347786903381 484
1740459768135 0.5519347786903381 485
1740459768273 0.5519347786903381 486
1740459768391 0.5519347786903381 487
1740459768497 0.5519347786903381 488
1740459768630 0.5519347786903381 489
1740459768742 0.5519347786903381 490
1740459768866 0.5519347786903381 491
1740459768986 0.5519347786903381 492
1740459769097 0.5519347786903381 493
1740459769227 0.5519347786903381 494
1740459769349 0.5519347786903381 495
1740459769475 0.5519347786903381 496
1740459769584 0.5519347786903381 497
1740459769713 0.5519347786903381 498
1740459769830 0.5519347786903381 499
1740459769941 0.5519347786903381 500
1740459770068 0.5519347786903381 501
1740459770181 0.5519347786903381 502
1740459770300 0.5519347786903381 503
1740459770429 0.5519347786903381 504
1740459770546 0.5519347786903381 505
1740459770680 0.5519347786903381 506
1740459770815 0.5519347786903381 507
1740459770950 0.5519347786903381 508
1740459771063 0.5519347786903381 509
1740459771177 0.5519347786903381 510
1740459771330 0.5519347786903381 511
1740459771457 0.5519347786903381 512
1740459771592 0.5519347786903381 513
1740459771711 0.5519347786903381 514
1740459771822 0.5519347786903381 515
1740459771959 0.5519347786903381 516
1740459772083 0.5519347786903381 517
1740459772197 0.5519347786903381 518
1740459772329 0.5519347786903381 519
1740459772448 0.5519347786903381 520
1740459772567 0.5519347786903381 521
1740459772680 0.5519347786903381 522
1740459772797 0.5519347786903381 523
1740459772914 0.5519347786903381 524
1740459773061 0.5519347786903381 525
1740459773184 0.5519347786903381 526
1740459773322 0.5519347786903381 527
1740459773452 0.5519347786903381 528
1740459773585 0.5519347786903381 529
1740459773730 0.5519347786903381 530
1740459773860 0.5519347786903381 531
1740459773995 0.5519347786903381 532
1740459774116 0.5519347786903381 533
1740459774254 0.5519347786903381 534
1740459774387 0.5519347786903381 535
1740459774530 0.5519347786903381 536
1740459774668 0.5519347786903381 537
1740459774799 0.5519347786903381 538
1740459774929 0.5519347786903381 539
1740459775050 0.5519347786903381 540
1740459775182 0.5519347786903381 541
1740459775327 0.5519347786903381 542
1740459775450 0.5519347786903381 543
1740459775579 0.5519347786903381 544
1740459775713 0.5519347786903381 545
1740459775834 0.5519347786903381 546
1740459775967 0.5519347786903381 547
1740459776085 0.5519347786903381 548
1740459776213 0.5519347786903381 549
1740459776330 0.5519347786903381 550
1740459776472 0.5519347786903381 551
1740459776600 0.5519347786903381 552
1740459776742 0.5519347786903381 553
1740459776869 0.5519347786903381 554
1740459777004 0.5519347786903381 555
1740459777134 0.5519347786903381 556
1740459777269 0.5519347786903381 557
1740459777410 0.5519347786903381 558
1740459777559 0.5519347786903381 559
1740459777684 0.5519347786903381 560
1740459777819 0.5519347786903381 561
1740459777950 0.5519347786903381 562
1740459778084 0.5519347786903381 563
1740459778214 0.5519347786903381 564
1740459778346 0.5519347786903381 565
1740459778480 0.5519347786903381 566
1740459778603 0.5519347786903381 567
1740459778722 0.5519347786903381 568
1740459778849 0.5519347786903381 569
1740459778972 0.5519347786903381 570
1740459779084 0.5519347786903381 571
1740459779219 0.5519347786903381 572
1740459779346 0.5519347786903381 573
1740459779469 0.5519347786903381 574
1740459779586 0.5519347786903381 575
1740459779707 0.5519347786903381 576
1740459779813 0.5519347786903381 577
1740459779946 0.5519347786903381 578
1740459780104 0.5519347786903381 579
1740459780247 0.5519347786903381 580
1740459780412 0.5519347786903381 581
1740459780562 0.5519347786903381 582
1740459780697 0.5519347786903381 583
1740459780863 0.5519347786903381 584
1740459780996 0.5519347786903381 585
1740459781149 0.5519347786903381 586
1740459781280 0.5519347786903381 587
1740459781413 0.5519347786903381 588
1740459781535 0.5519347786903381 589
1740459781646 0.5519347786903381 590
1740459781798 0.5519347786903381 591
1740459781917 0.5519347786903381 592
1740459782037 0.5519347786903381 593
1740459782163 0.5519347786903381 594
1740459782285 0.5519347786903381 595
1740459782396 0.5519347786903381 596
1740459782538 0.5519347786903381 597
1740459782663 0.5519347786903381 598
1740459782796 0.5519347786903381 599
1740459782918 0.5519347786903381 600
1740459783051 0.5519347786903381 601
1740459783163 0.5519347786903381 602
1740459783297 0.5519347786903381 603
1740459783429 0.5519347786903381 604
1740459783554 0.5519347786903381 605
1740459783678 0.5519347786903381 606
1740459783801 0.5519347786903381 607
1740459783920 0.5519347786903381 608
1740459784046 0.5519347786903381 609
1740459784179 0.5519347786903381 610
1740459784318 0.5519347786903381 611
1740459784446 0.5519347786903381 612
1740459784572 0.5519347786903381 613
1740459784679 0.5519347786903381 614
1740459784796 0.5519347786903381 615
1740459784935 0.5519347786903381 616
1740459785054 0.5519347786903381 617
1740459785183 0.5519347786903381 618
1740459785313 0.5519347786903381 619
1740459785468 0.5519347786903381 620
1740459785613 0.5519347786903381 621
1740459785746 0.5519347786903381 622
1740459785887 0.5519347786903381 623
1740459786048 0.5519347786903381 624
1740459786205 0.5519347786903381 625
1740459786332 0.5519347786903381 626
1740459786469 0.5519347786903381 627
1740459786581 0.5519347786903381 628
1740459786714 0.5519347786903381 629
1740459786856 0.5519347786903381 630
1740459786991 0.5519347786903381 631
1740459787114 0.5519347786903381 632
1740459787230 0.5519347786903381 633
1740459787370 0.5519347786903381 634
1740459787503 0.5519347786903381 635
1740459787646 0.5519347786903381 636
1740459787792 0.5519347786903381 637
1740459787933 0.5519347786903381 638
1740459788078 0.5519347786903381 639
1740459788220 0.5519347786903381 640
1740459788352 0.5519347786903381 641
1740459788493 0.5519347786903381 642
1740459788632 0.5519347786903381 643
1740459788759 0.5519347786903381 644
1740459788903 0.5519347786903381 645
1740459789032 0.5519347786903381 646
1740459789162 0.5519347786903381 647
1740459789301 0.5519347786903381 648
1740459789425 0.5519347786903381 649
1740459789553 0.5519347786903381 650
1740459789671 0.5519347786903381 651
1740459789797 0.5519347786903381 652
1740459789943 0.5519347786903381 653
1740459790072 0.5519347786903381 654
1740459790202 0.5519347786903381 655
1740459790347 0.5519347786903381 656
1740459790496 0.5519347786903381 657
1740459790648 0.5519347786903381 658
1740459790790 0.5519347786903381 659
1740459790922 0.5519347786903381 660
1740459791063 0.5519347786903381 661
1740459791213 0.5519347786903381 662
1740459791365 0.5519347786903381 663
1740459791496 0.5519347786903381 664
1740459791637 0.5519347786903381 665
1740459791771 0.5519347786903381 666
1740459791894 0.5519347786903381 667
1740459792022 0.5519347786903381 668
1740459792156 0.5519347786903381 669
1740459792301 0.5519347786903381 670
1740459792463 0.5519347786903381 671
1740459792635 0.5519347786903381 672
1740459792783 0.5519347786903381 673
1740459792934 0.5519347786903381 674
1740459793055 0.5519347786903381 675
1740459793191 0.5519347786903381 676
1740459793332 0.5519347786903381 677
1740459793465 0.5519347786903381 678
1740459793601 0.5519347786903381 679
1740459793745 0.5519347786903381 680
1740459793884 0.5519347786903381 681
1740459794042 0.5519347786903381 682
1740459794175 0.5519347786903381 683
1740459794317 0.5519347786903381 684
1740459794460 0.5519347786903381 685
1740459794607 0.5519347786903381 686
1740459794742 0.5519347786903381 687
1740459794866 0.5519347786903381 688
1740459795024 0.5519347786903381 689
1740459795173 0.5519347786903381 690
1740459795334 0.5519347786903381 691
1740459795499 0.5519347786903381 692
1740459795634 0.5519347786903381 693
1740459795778 0.5519347786903381 694
1740459795932 0.5519347786903381 695
1740459796090 0.5519347786903381 696
1740459796236 0.5519347786903381 697
1740459796391 0.5519347786903381 698
1740459796543 0.5519347786903381 699
1740459796679 0.5519347786903381 700
1740459796854 0.5519347786903381 701
1740459797027 0.5519347786903381 702
1740459797189 0.5519347786903381 703
1740459797315 0.5519347786903381 704
1740459797462 0.5519347786903381 705
1740459797634 0.5519347786903381 706
1740459797800 0.5519347786903381 707
1740459797951 0.5519347786903381 708
1740459798089 0.5519347786903381 709
1740459798231 0.5519347786903381 710
1740459798365 0.5519347786903381 711
1740459798512 0.5519347786903381 712
1740459798659 0.5519347786903381 713
1740459798785 0.5519347786903381 714
1740459798913 0.5519347786903381 715
1740459799045 0.5519347786903381 716
1740459799200 0.5519347786903381 717
1740459799327 0.5519347786903381 718
1740459799461 0.5519347786903381 719
1740459799590 0.5519347786903381 720
1740459799731 0.5519347786903381 721
1740459799891 0.5519347786903381 722
1740459800027 0.5519347786903381 723
1740459800180 0.5519347786903381 724
1740459800314 0.5519347786903381 725
1740459800447 0.5519347786903381 726
1740459800580 0.5519347786903381 727
1740459800717 0.5519347786903381 728
1740459800860 0.5519347786903381 729
1740459800989 0.5519347786903381 730
1740459801122 0.5519347786903381 731
1740459801255 0.5519347786903381 732
1740459801391 0.5519347786903381 733
1740459801554 0.5519347786903381 734
1740459801682 0.5519347786903381 735
1740459801815 0.5519347786903381 736
1740459801944 0.5519347786903381 737
1740459802074 0.5519347786903381 738
1740459802212 0.5519347786903381 739
1740459802362 0.5519347786903381 740
1740459802497 0.5519347786903381 741
1740459802638 0.5519347786903381 742
1740459802772 0.5519347786903381 743
1740459802913 0.5519347786903381 744
1740459803095 0.5519347786903381 745
1740459803231 0.5519347786903381 746
1740459803360 0.5519347786903381 747
1740459803495 0.5519347786903381 748
1740459803617 0.5519347786903381 749
1740459803737 0.5519347786903381 750
1740459803862 0.5519347786903381 751
1740459803995 0.5519347786903381 752
1740459804112 0.5519347786903381 753
1740459804238 0.5519347786903381 754
1740459804378 0.5519347786903381 755
1740459804512 0.5519347786903381 756
1740459804649 0.5519347786903381 757
1740459804791 0.5519347786903381 758
1740459804915 0.5519347786903381 759
1740459805048 0.5519347786903381 760
1740459805178 0.5519347786903381 761
1740459805311 0.5519347786903381 762
1740459805455 0.5519347786903381 763
1740459805582 0.5519347786903381 764
1740459805700 0.5519347786903381 765
1740459805832 0.5519347786903381 766
1740459805964 0.5519347786903381 767
1740459806111 0.5519347786903381 768
1740459806254 0.5519347786903381 769
1740459806390 0.5519347786903381 770
1740459806537 0.5519347786903381 771
1740459806680 0.5519347786903381 772
1740459806811 0.5519347786903381 773
1740459806947 0.5519347786903381 774
1740459807091 0.5519347786903381 775
1740459807232 0.5519347786903381 776
1740459807364 0.5519347786903381 777
1740459807504 0.5519347786903381 778
1740459807652 0.5519347786903381 779
1740459807777 0.5519347786903381 780
1740459807900 0.5519347786903381 781
1740459808021 0.5519347786903381 782
1740459808148 0.5519347786903381 783
1740459808282 0.5519347786903381 784
1740459808414 0.5519347786903381 785
1740459808549 0.5519347786903381 786
1740459808680 0.5519347786903381 787
1740459808815 0.5519347786903381 788
1740459808947 0.5519347786903381 789
1740459809069 0.5519347786903381 790
1740459809194 0.5519347786903381 791
1740459809319 0.5519347786903381 792
1740459809438 0.5519347786903381 793
1740459809578 0.5519347786903381 794
1740459809698 0.5519347786903381 795
1740459809830 0.5519347786903381 796
1740459809961 0.5519347786903381 797
1740459810111 0.5519347786903381 798
1740459810238 0.5519347786903381 799
