1740459706435 5.153200149536133 0
1740459706569 4.793298244476318 1
1740459706688 4.4551310539245605 2
1740459706798 4.138848304748535 3
1740459706918 3.8466391563415527 4
1740459707055 3.579733371734619 5
1740459707169 3.3225560188293457 6
1740459707285 3.0868852138519287 7
1740459707398 2.880460262298584 8
1740459707525 2.677664279937744 9
1740459707636 2.4982285499572754 10
1740459707761 2.321314573287964 11
1740459707894 2.151350975036621 12
1740459708003 1.9981058835983276 13
1740459708136 1.8645168542861938 14
1740459708252 1.730525255203247 15
1740459708400 1.6283221244812012 16
1740459708540 1.524879813194275 17
1740459708657 1.4457530975341797 18
1740459708786 1.3569648265838623 19
1740459708921 1.2835781574249268 20
1740459709060 1.2130765914916992 21
1740459709203 1.1405235528945923 22
1740459709329 1.089766502380371 23
1740459709439 1.0492154359817505 24
1740459709572 0.9919663667678833 25
1740459709687 0.9502357244491577 26
1740459709817 0.9134213924407959 27
1740459709943 0.8817538619041443 28
1740459710067 0.8454903364181519 29
1740459710196 0.8335022926330566 30
1740459710330 0.7789092063903809 31
1740459710453 0.7841933369636536 32
1740459710567 0.7454988360404968 33
1740459710687 0.7426131963729858 34
1740459710801 0.7102767825126648 35
1740459710922 0.702691376209259 36
1740459711045 0.6717485785484314 37
1740459711170 0.6616508960723877 38
1740459711301 0.6540913581848145 39
1740459711444 0.6410292983055115 40
1740459711569 0.6465370655059814 41
1740459711690 0.6346614956855774 42
1740459711809 0.628566563129425 43
1740459711934 0.6022103428840637 44
1740459712067 0.6071490049362183 45
1740459712190 0.617944061756134 46
1740459712309 0.594562292098999 47
1740459712443 0.5828683972358704 48
1740459712579 0.5970534086227417 49
1740459712700 0.5885787606239319 50
1740459712821 0.5618325471878052 51
1740459712940 0.5844385623931885 52
1740459713070 0.5687015652656555 53
1740459713195 0.5655344724655151 54
1740459713325 0.5722264051437378 55
1740459713439 0.5839909315109253 56
1740459713554 0.5789571404457092 57
1740459713670 0.5521586537361145 58
1740459713783 0.5752357244491577 59
1740459713888 0.5604655742645264 60
1740459714007 0.5732365846633911 61
1740459714137 0.5693265795707703 62
1740459714250 0.5529842972755432 63
1740459714365 0.5481359362602234 64
1740459714484 0.5560844540596008 65
1740459714600 0.5372523665428162 66
1740459714704 0.5507881045341492 67
1740459714823 0.5546607971191406 68
1740459714939 0.5612447261810303 69
1740459715053 0.5465420484542847 70
1740459715165 0.5619147419929504 71
1740459715271 0.5436528325080872 72
1740459715402 0.547362208366394 73
1740459715552 0.5519265532493591 74
1740459715684 0.5467147827148438 75
1740459715830 0.5517942309379578 76
1740459715954 0.556780219078064 77
1740459716072 0.5397422909736633 78
1740459716187 0.5401421785354614 79
1740459716300 0.5275312662124634 80
1740459716420 0.5204633474349976 81
1740459716534 0.545913577079773 82
1740459716652 0.5444589853286743 83
1740459716768 0.5405988693237305 84
1740459716884 0.5415070652961731 85
1740459717003 0.5325965285301208 86
1740459717104 0.5518250465393066 87
1740459717220 0.5588321089744568 88
1740459717361 0.5455198884010315 89
1740459717500 0.5599250793457031 90
1740459717622 0.5386937856674194 91
1740459717759 0.5349304676055908 92
1740459717872 0.5366033911705017 93
1740459718006 0.5496796369552612 94
1740459718131 0.5343109965324402 95
1740459718242 0.5331985950469971 96
1740459718384 0.551882803440094 97
1740459718549 0.5311000943183899 98
1740459718670 0.5397939085960388 99
1740459718800 0.5405611991882324 100
1740459718922 0.5348413586616516 101
1740459719036 0.5347898602485657 102
1740459719155 0.5541470050811768 103
1740459719278 0.5320333242416382 104
1740459719388 0.5401561260223389 105
1740459719520 0.5592100620269775 106
1740459719636 0.5493752360343933 107
1740459719753 0.5230509638786316 108
1740459719870 0.5369833111763 109
1740459719984 0.5349612832069397 110
1740459720101 0.5268815755844116 111
1740459720222 0.5379682779312134 112
1740459720342 0.5305324196815491 113
1740459720467 0.528415858745575 114
1740459720599 0.5579264760017395 115
1740459720729 0.5201822519302368 116
1740459720864 0.5379998087882996 117
1740459721000 0.5331551432609558 118
1740459721117 0.5305159687995911 119
1740459721239 0.5429976582527161 120
1740459721365 0.5428798794746399 121
1740459721471 0.5302605032920837 122
1740459721609 0.5503045320510864 123
1740459721723 0.5403419733047485 124
1740459721839 0.5291129350662231 125
1740459721953 0.5450191497802734 126
1740459722067 0.5201261639595032 127
1740459722184 0.5304989814758301 128
1740459722300 0.5204184055328369 129
1740459722419 0.5267767906188965 130
1740459722531 0.528864860534668 131
1740459722654 0.5266016125679016 132
1740459722753 0.523715615272522 133
1740459722900 0.5418103933334351 134
1740459723017 0.5368666648864746 135
1740459723149 0.5296784043312073 136
1740459723266 0.5267333388328552 137
1740459723384 0.533090353012085 138
1740459723533 0.5355326533317566 139
1740459723653 0.5207701325416565 140
1740459723772 0.5336923599243164 141
1740459723902 0.5220963358879089 142
1740459724017 0.5326905250549316 143
1740459724164 0.5204288363456726 144
1740459724272 0.543833315372467 145
1740459724397 0.522158682346344 146
1740459724505 0.5315358638763428 147
1740459724621 0.5322235822677612 148
1740459724736 0.5148811340332031 149
1740459724856 0.5153701305389404 150
1740459724989 0.508641242980957 151
1740459725105 0.5390558242797852 152
1740459725216 0.5236425995826721 153
1740459725341 0.5297747850418091 154
1740459725458 0.5351316332817078 155
1740459725570 0.5375414490699768 156
1740459725687 0.5475174188613892 157
1740459725818 0.5263968706130981 158
1740459725950 0.5346094965934753 159
1740459726076 0.5282540321350098 160
1740459726207 0.5275654792785645 161
1740459726343 0.5342358946800232 162
1740459726483 0.5169076323509216 163
1740459726636 0.5304373502731323 164
1740459726777 0.5226911902427673 165
1740459726907 0.5221161246299744 166
1740459727043 0.5322266221046448 167
1740459727183 0.5217339992523193 168
1740459727303 0.5420700311660767 169
1740459727420 0.5214888453483582 170
1740459727549 0.5229631066322327 171
1740459727666 0.5265331864356995 172
1740459727788 0.5252834558486938 173
1740459727899 0.521601140499115 174
1740459728024 0.5248531699180603 175
1740459728136 0.5173659920692444 176
1740459728270 0.5326002836227417 177
1740459728386 0.5179800987243652 178
1740459728504 0.5259920954704285 179
1740459728623 0.5307892560958862 180
1740459728755 0.5375733375549316 181
1740459728870 0.5123474597930908 182
1740459728986 0.5174463987350464 183
1740459729103 0.5148370265960693 184
1740459729221 0.5271127820014954 185
1740459729360 0.5284386277198792 186
1740459729500 0.5267296433448792 187
1740459729650 0.5219213366508484 188
1740459729800 0.5226970314979553 189
1740459729954 0.5174352526664734 190
1740459730099 0.5062402486801147 191
1740459730242 0.501150906085968 192
1740459730366 0.5403865575790405 193
1740459730489 0.5289109945297241 194
1740459730605 0.5240160226821899 195
1740459730723 0.5184712409973145 196
1740459730859 0.5070233345031738 197
1740459730981 0.5225557684898376 198
1740459731104 0.5531156659126282 199
1740459731223 0.5348054766654968 200
1740459731338 0.5388443470001221 201
1740459731455 0.5364618897438049 202
1740459731574 0.5300306677818298 203
1740459731686 0.5220645666122437 204
1740459731819 0.5266597270965576 205
1740459731939 0.5425955653190613 206
1740459732072 0.5158146619796753 207
1740459732196 0.5142605900764465 208
1740459732339 0.5185248851776123 209
1740459732456 0.521027147769928 210
1740459732574 0.5282779335975647 211
1740459732702 0.5257381796836853 212
1740459732823 0.5309333801269531 213
1740459732949 0.5300049781799316 214
1740459733091 0.5278773307800293 215
1740459733204 0.5108693838119507 216
1740459733333 0.5210822224617004 217
1740459733456 0.5383803844451904 218
1740459733580 0.5278632640838623 219
1740459733704 0.5106485486030579 220
1740459733833 0.5278145670890808 221
1740459733957 0.511277437210083 222
1740459734082 0.5284258127212524 223
1740459734209 0.5241658687591553 224
1740459734340 0.5192291736602783 225
1740459734473 0.5222928524017334 226
1740459734599 0.5179718732833862 227
1740459734738 0.5199031233787537 228
1740459734854 0.5360471606254578 229
1740459734984 0.514051079750061 230
1740459735116 0.5352135300636292 231
1740459735244 0.518013596534729 232
1740459735380 0.5193758010864258 233
1740459735499 0.5482342839241028 234
1740459735625 0.5125834345817566 235
1740459735762 0.5335269570350647 236
1740459735888 0.5130004286766052 237
1740459736009 0.5346073508262634 238
1740459736145 0.5270745754241943 239
1740459736265 0.5344353914260864 240
1740459736411 0.5242371559143066 241
1740459736549 0.5170403718948364 242
1740459736674 0.5053547024726868 243
1740459736815 0.5175362229347229 244
1740459736949 0.5120732188224792 245
1740459737103 0.525955855846405 246
1740459737247 0.5253998637199402 247
1740459737380 0.5159322619438171 248
1740459737516 0.5155368447303772 249
1740459737649 0.5140705704689026 250
1740459737799 0.5150596499443054 251
1740459737932 0.5360848903656006 252
1740459738075 0.5202171206474304 253
1740459738201 0.5188176035881042 254
1740459738316 0.5162314772605896 255
1740459738449 0.5252867937088013 256
1740459738576 0.5093104243278503 257
1740459738699 0.5083110928535461 258
1740459738823 0.5076558589935303 259
1740459738951 0.5013342499732971 260
1740459739075 0.516752302646637 261
1740459739203 0.5300883650779724 262
1740459739325 0.5209437012672424 263
1740459739458 0.5006702542304993 264
1740459739569 0.5421934723854065 265
1740459739687 0.5138271450996399 266
1740459739827 0.5124858021736145 267
1740459739956 0.5110523700714111 268
1740459740079 0.5223028063774109 269
1740459740232 0.5151064395904541 270
1740459740383 0.5050629377365112 271
1740459740507 0.5063909292221069 272
1740459740624 0.522010862827301 273
1740459740749 0.5141709446907043 274
1740459740880 0.5130085945129395 275
1740459741008 0.51804518699646 276
1740459741137 0.5291121602058411 277
1740459741257 0.5115565657615662 278
1740459741382 0.510175347328186 279
1740459741507 0.5203364491462708 280
1740459741638 0.5164380073547363 281
1740459741761 0.5122302770614624 282
1740459741895 0.5138319730758667 283
1740459742024 0.5116270780563354 284
1740459742152 0.5120189189910889 285
1740459742270 0.5127953886985779 286
1740459742387 0.5189480185508728 287
1740459742536 0.5184911489486694 288
1740459742685 0.5114613771438599 289
1740459742832 0.5120266675949097 290
1740459742948 0.5192009806632996 291
1740459743103 0.5183917284011841 292
1740459743245 0.5218995809555054 293
1740459743382 0.5070238709449768 294
1740459743891 0.5016145706176758 295
1740459744004 0.513576865196228 296
1740459744134 0.5475121140480042 297
1740459744252 0.5257498621940613 298
1740459744370 0.5142771601676941 299
1740459744487 0.5060821175575256 300
1740459744606 0.5232322812080383 301
1740459744720 0.514648973941803 302
1740459744837 0.5260991454124451 303
1740459744970 0.5047264695167542 304
1740459745087 0.52120041847229 305
1740459745223 0.505017101764679 306
1740459745352 0.5143523812294006 307
1740459745472 0.5149765014648438 308
1740459745590 0.5209220051765442 309
1740459745715 0.5328550934791565 310
1740459745843 0.5242990851402283 311
1740459745973 0.5266515612602234 312
1740459746086 0.5273680686950684 313
1740459746207 0.515535831451416 314
1740459746343 0.5129166841506958 315
1740459746471 0.5122354030609131 316
1740459746587 0.5031274557113647 317
1740459746706 0.5014784336090088 318
1740459746837 0.5263193249702454 319
1740459746953 0.5004836320877075 320
1740459747069 0.5214177966117859 321
1740459747186 0.5126141309738159 322
1740459747298 0.4949977397918701 323
1740459747423 0.5356650948524475 324
1740459747535 0.5239554643630981 325
1740459747663 0.5254760384559631 326
1740459747784 0.5147072672843933 327
1740459747915 0.505795419216156 328
1740459748048 0.5234425067901611 329
1740459748169 0.5056758522987366 330
1740459748319 0.5363010764122009 331
1740459748439 0.5238599181175232 332
1740459748571 0.5319674611091614 333
1740459748699 0.518436074256897 334
1740459748818 0.5140970349311829 335
1740459748949 0.5149651765823364 336
1740459749073 0.5264520645141602 337
1740459749193 0.5024948716163635 338
1740459749325 0.5190555453300476 339
1740459749438 0.5196238160133362 340
1740459749568 0.5084977149963379 341
1740459749687 0.5155113935470581 342
1740459749805 0.5060936212539673 343
1740459749922 0.5083764791488647 344
1740459750037 0.4934600591659546 345
1740459750156 0.5227100849151611 346
1740459750272 0.5125426650047302 347
1740459750403 0.5000209212303162 348
1740459750530 0.5127360820770264 349
1740459750665 0.5195233225822449 350
1740459750794 0.5163450837135315 351
1740459750915 0.5333195924758911 352
1740459751054 0.5317806601524353 353
1740459751186 0.5278257727622986 354
1740459751315 0.5220463871955872 355
1740459751467 0.5260286331176758 356
1740459751618 0.5235501527786255 357
1740459751768 0.5185751914978027 358
1740459751898 0.5091243386268616 359
1740459752023 0.5091614127159119 360
1740459752147 0.5280702114105225 361
1740459752265 0.5256189107894897 362
1740459752386 0.525925874710083 363
1740459752531 0.5118991136550903 364
1740459752654 0.5130813717842102 365
1740459752772 0.5091346502304077 366
1740459752887 0.5058812499046326 367
1740459753015 0.5321105718612671 368
1740459753153 0.5211480259895325 369
1740459753298 0.4989757835865021 370
1740459753452 0.5052454471588135 371
1740459753598 0.514793336391449 372
1740459753747 0.5122659802436829 373
1740459753865 0.5103282332420349 374
1740459753981 0.501926600933075 375
1740459754115 0.5183244943618774 376
1740459754257 0.5098211765289307 377
1740459754382 0.5168638825416565 378
1740459754498 0.5171533226966858 379
1740459754631 0.5075913071632385 380
1740459754762 0.5303502082824707 381
1740459754885 0.5009818077087402 382
1740459755003 0.5110304355621338 383
1740459755125 0.506974458694458 384
1740459755248 0.5113314390182495 385
1740459755377 0.5139508247375488 386
1740459755498 0.5287290811538696 387
1740459755627 0.5189170837402344 388
1740459755756 0.5033909678459167 389
1740459755879 0.5105321407318115 390
1740459756003 0.5142805576324463 391
1740459756115 0.5028432607650757 392
1740459756253 0.5331680774688721 393
1740459756382 0.5239845514297485 394
1740459756556 0.49161723256111145 395
1740459756719 0.4994853734970093 396
1740459756848 0.5128555297851562 397
1740459757015 0.513141930103302 398
1740459757169 0.5120338797569275 399
1740459757298 0.5144175291061401 400
1740459757421 0.510717511177063 401
1740459757554 0.5169204473495483 402
1740459757672 0.5081751346588135 403
1740459757804 0.5190414190292358 404
1740459757920 0.5013501644134521 405
1740459758052 0.5123188495635986 406
1740459758178 0.5159903168678284 407
1740459758309 0.5305363535881042 408
1740459758431 0.5182824730873108 409
1740459758559 0.5129529237747192 410
1740459758696 0.5048381090164185 411
1740459758826 0.5017259120941162 412
1740459758974 0.5210667252540588 413
1740459759115 0.5012723207473755 414
1740459759245 0.5170100331306458 415
1740459759379 0.520138680934906 416
1740459759519 0.5178638100624084 417
1740459759648 0.5241595506668091 418
1740459759800 0.5094245672225952 419
1740459759932 0.5053336024284363 420
1740459760064 0.5064157247543335 421
1740459760207 0.5098960995674133 422
1740459760333 0.5112168192863464 423
1740459760454 0.4935593008995056 424
1740459760572 0.5135830044746399 425
1740459760688 0.5118991732597351 426
1740459760816 0.5291377902030945 427
1740459760931 0.49594059586524963 428
1740459761053 0.5127753019332886 429
1740459761189 0.5089584589004517 430
1740459761306 0.5254354476928711 431
1740459761420 0.5004211068153381 432
1740459761534 0.506499707698822 433
1740459761666 0.5150498151779175 434
1740459761787 0.5126296281814575 435
1740459761917 0.5214636325836182 436
1740459762048 0.5133274793624878 437
1740459762189 0.5255062580108643 438
1740459762324 0.5127992033958435 439
1740459762450 0.5273613333702087 440
1740459762564 0.49992963671684265 441
1740459762687 0.5152013301849365 442
1740459762835 0.5137462019920349 443
1740459762968 0.5232540369033813 444
1740459763085 0.5057376623153687 445
1740459763236 0.49282124638557434 446
1740459763355 0.5022557377815247 447
1740459763493 0.5098047852516174 448
1740459763629 0.5208657383918762 449
1740459763750 0.49328702688217163 450
1740459763864 0.5148237943649292 451
1740459763988 0.5152038335800171 452
1740459764105 0.5076159834861755 453
1740459764237 0.5081998705863953 454
1740459764369 0.5058581829071045 455
1740459764526 0.502056896686554 456
1740459764664 0.48388293385505676 457
1740459764808 0.49890369176864624 458
1740459764952 0.5028959512710571 459
1740459765096 0.4861651062965393 460
1740459765256 0.49235936999320984 461
1740459765391 0.5184098482131958 462
1740459765528 0.5128271579742432 463
1740459765647 0.5006555318832397 464
1740459765774 0.5003445148468018 465
1740459765897 0.5099825263023376 466
1740459766014 0.5038759708404541 467
1740459766133 0.498617559671402 468
1740459766247 0.5244355201721191 469
1740459766357 0.5110969543457031 470
1740459766486 0.504089891910553 471
1740459766600 0.49918755888938904 472
1740459766733 0.49937012791633606 473
1740459766847 0.517885684967041 474
1740459766970 0.5052844285964966 475
1740459767085 0.5069572329521179 476
1740459767201 0.50527024269104 477
1740459767314 0.5009828805923462 478
1740459767427 0.4972037971019745 479
1740459767557 0.4921277165412903 480
1740459767667 0.5060468912124634 481
1740459767796 0.501568615436554 482
1740459767916 0.5059736371040344 483
1740459768025 0.4983753263950348 484
1740459768135 0.49996331334114075 485
1740459768273 0.5024244785308838 486
1740459768391 0.5055977702140808 487
1740459768497 0.5144707560539246 488
1740459768630 0.5132239460945129 489
1740459768742 0.483506441116333 490
1740459768866 0.49869057536125183 491
1740459768986 0.521647036075592 492
1740459769097 0.4965178966522217 493
1740459769227 0.5298243165016174 494
1740459769349 0.49253350496292114 495
1740459769475 0.5144674181938171 496
1740459769584 0.5132982730865479 497
1740459769713 0.4918893277645111 498
1740459769830 0.49180832505226135 499
1740459769941 0.5181399583816528 500
1740459770068 0.5119135975837708 501
1740459770181 0.4870772063732147 502
1740459770300 0.48678353428840637 503
1740459770429 0.5142176151275635 504
1740459770546 0.49171513319015503 505
1740459770680 0.5029566287994385 506
1740459770815 0.4922069013118744 507
1740459770950 0.4861305058002472 508
1740459771063 0.5057047009468079 509
1740459771177 0.495348185300827 510
1740459771330 0.49850863218307495 511
1740459771457 0.5001569390296936 512
1740459771592 0.5146558880805969 513
1740459771711 0.5150492191314697 514
1740459771822 0.5126067399978638 515
1740459771959 0.4917564392089844 516
1740459772083 0.4927622973918915 517
1740459772197 0.4973396956920624 518
1740459772329 0.5021018981933594 519
1740459772448 0.49555712938308716 520
1740459772567 0.49311304092407227 521
1740459772680 0.5028387904167175 522
1740459772797 0.5190942883491516 523
1740459772914 0.4949548542499542 524
1740459773061 0.5119045376777649 525
1740459773184 0.511415958404541 526
1740459773322 0.5038736462593079 527
1740459773452 0.4996996819972992 528
1740459773585 0.5087159872055054 529
1740459773730 0.48528674244880676 530
1740459773860 0.5056136250495911 531
1740459773995 0.5163477659225464 532
1740459774116 0.4942359924316406 533
1740459774254 0.5023728609085083 534
1740459774387 0.4946098029613495 535
1740459774530 0.4858231544494629 536
1740459774668 0.4916723072528839 537
1740459774799 0.48662111163139343 538
1740459774929 0.5045415163040161 539
1740459775050 0.49058452248573303 540
1740459775182 0.4968283474445343 541
1740459775327 0.5033565759658813 542
1740459775450 0.5012474060058594 543
1740459775579 0.5023612380027771 544
1740459775713 0.5028321146965027 545
1740459775834 0.5019343495368958 546
1740459775967 0.5131924152374268 547
1740459776085 0.5073595643043518 548
1740459776213 0.5189374685287476 549
1740459776330 0.5113399028778076 550
1740459776472 0.4989638328552246 551
1740459776600 0.4959283173084259 552
1740459776742 0.4998842477798462 553
1740459776869 0.4908536970615387 554
1740459777004 0.5214334726333618 555
1740459777134 0.4927034378051758 556
1740459777269 0.495003879070282 557
1740459777410 0.4843754768371582 558
1740459777559 0.511336088180542 559
1740459777684 0.5016672015190125 560
1740459777819 0.5142760276794434 561
1740459777950 0.492052286863327 562
1740459778084 0.5076566338539124 563
1740459778214 0.5111382603645325 564
1740459778346 0.5056319832801819 565
1740459778480 0.4888823330402374 566
1740459778603 0.5238914489746094 567
1740459778722 0.4954627454280853 568
1740459778849 0.4947037994861603 569
1740459778972 0.5011559724807739 570
1740459779084 0.4870827794075012 571
1740459779219 0.506771445274353 572
1740459779346 0.4925568401813507 573
1740459779469 0.5073227882385254 574
1740459779586 0.5069266557693481 575
1740459779707 0.50083988904953 576
1740459779813 0.49052736163139343 577
1740459779946 0.5011857748031616 578
1740459780104 0.506371796131134 579
1740459780247 0.4895794987678528 580
1740459780412 0.48664599657058716 581
1740459780562 0.5075563192367554 582
1740459780697 0.5055109858512878 583
1740459780863 0.4837847054004669 584
1740459780996 0.48646971583366394 585
1740459781149 0.501422107219696 586
1740459781280 0.4965483248233795 587
1740459781413 0.49928581714630127 588
1740459781535 0.5087417960166931 589
1740459781646 0.4982982575893402 590
1740459781798 0.5069686770439148 591
1740459781917 0.5115959644317627 592
1740459782037 0.5094243288040161 593
1740459782163 0.4876898229122162 594
1740459782285 0.5136643052101135 595
1740459782396 0.49432605504989624 596
1740459782538 0.4996969997882843 597
1740459782663 0.5020252466201782 598
1740459782796 0.4980442225933075 599
1740459782918 0.5066248178482056 600
1740459783051 0.4953520894050598 601
1740459783163 0.47860631346702576 602
1740459783297 0.49311450123786926 603
1740459783429 0.47412043809890747 604
1740459783554 0.4832856059074402 605
1740459783678 0.5017268657684326 606
1740459783801 0.5181998014450073 607
1740459783920 0.5006099939346313 608
1740459784046 0.49230605363845825 609
1740459784179 0.49200448393821716 610
1740459784318 0.4893603026866913 611
1740459784446 0.506228506565094 612
1740459784572 0.5023027658462524 613
1740459784679 0.4959818124771118 614
1740459784796 0.4934535324573517 615
1740459784935 0.484733909368515 616
1740459785054 0.4793122112751007 617
1740459785183 0.4883929193019867 618
1740459785313 0.47530698776245117 619
1740459785468 0.49258196353912354 620
1740459785613 0.5046092867851257 621
1740459785746 0.48659926652908325 622
1740459785887 0.4841213822364807 623
1740459786048 0.4879072606563568 624
1740459786205 0.4949292838573456 625
1740459786332 0.4969247579574585 626
1740459786469 0.5195921063423157 627
1740459786581 0.4959444999694824 628
1740459786714 0.4696802794933319 629
1740459786856 0.48830825090408325 630
1740459786991 0.5050139427185059 631
1740459787114 0.5172202587127686 632
1740459787230 0.5003715753555298 633
1740459787370 0.508834183216095 634
1740459787503 0.5016350150108337 635
1740459787646 0.5269011855125427 636
1740459787792 0.4890272915363312 637
1740459787933 0.49882110953330994 638
1740459788078 0.49432381987571716 639
1740459788220 0.4936613142490387 640
1740459788352 0.49235785007476807 641
1740459788493 0.48322010040283203 642
1740459788632 0.5178955793380737 643
1740459788759 0.5059983134269714 644
1740459788903 0.49620527029037476 645
1740459789032 0.5090031027793884 646
1740459789162 0.4866541624069214 647
1740459789301 0.509763777256012 648
1740459789425 0.4848945140838623 649
1740459789553 0.47956129908561707 650
1740459789671 0.4961647391319275 651
1740459789797 0.5029899477958679 652
1740459789943 0.4782892167568207 653
1740459790072 0.501221239566803 654
1740459790202 0.509405791759491 655
1740459790347 0.504498302936554 656
1740459790496 0.4821748733520508 657
1740459790648 0.4912409484386444 658
1740459790790 0.48937734961509705 659
1740459790922 0.4918176829814911 660
1740459791063 0.4950592815876007 661
1740459791213 0.5018109083175659 662
1740459791365 0.4800644814968109 663
1740459791496 0.49218878149986267 664
1740459791637 0.48861968517303467 665
1740459791771 0.4914197623729706 666
1740459791894 0.48522326350212097 667
1740459792022 0.48528942465782166 668
1740459792156 0.4994865953922272 669
1740459792301 0.49732381105422974 670
1740459792463 0.4883066713809967 671
1740459792635 0.5094218850135803 672
1740459792783 0.5068673491477966 673
1740459792934 0.4874737560749054 674
1740459793055 0.47226428985595703 675
1740459793191 0.4744061827659607 676
1740459793332 0.4780425429344177 677
1740459793465 0.5056114792823792 678
1740459793601 0.5025966167449951 679
1740459793745 0.4813285768032074 680
1740459793884 0.5044040083885193 681
1740459794042 0.4837716817855835 682
1740459794175 0.49751928448677063 683
1740459794317 0.4903933107852936 684
1740459794460 0.4698319435119629 685
1740459794607 0.49130895733833313 686
1740459794742 0.49406829476356506 687
1740459794866 0.4925556480884552 688
1740459795024 0.4981316924095154 689
1740459795173 0.48627641797065735 690
1740459795334 0.5091193914413452 691
1740459795499 0.4916688799858093 692
1740459795634 0.48413941264152527 693
1740459795778 0.4887610375881195 694
1740459795932 0.4917903542518616 695
1740459796090 0.4885998070240021 696
1740459796236 0.5075582265853882 697
1740459796391 0.4983564615249634 698
1740459796543 0.5075646042823792 699
1740459796679 0.5019628405570984 700
1740459796854 0.4996758997440338 701
1740459797027 0.5043920278549194 702
1740459797189 0.504257082939148 703
1740459797315 0.49304598569869995 704
1740459797462 0.5106314420700073 705
1740459797634 0.49515607953071594 706
1740459797800 0.4999551475048065 707
1740459797951 0.48258548974990845 708
1740459798089 0.4816257059574127 709
1740459798231 0.5007070302963257 710
1740459798365 0.484360933303833 711
1740459798512 0.4899018108844757 712
1740459798659 0.4926535189151764 713
1740459798785 0.4966872036457062 714
1740459798913 0.5008866190910339 715
1740459799045 0.4791915714740753 716
1740459799200 0.4914027154445648 717
1740459799327 0.48065584897994995 718
1740459799461 0.4931785762310028 719
1740459799590 0.5002304315567017 720
1740459799731 0.48721379041671753 721
1740459799891 0.4855687916278839 722
1740459800027 0.4780392646789551 723
1740459800180 0.4901805520057678 724
1740459800314 0.5013530254364014 725
1740459800447 0.49358701705932617 726
1740459800580 0.4789082705974579 727
1740459800717 0.4807119369506836 728
1740459800860 0.4911671578884125 729
1740459800989 0.48369914293289185 730
1740459801122 0.4955177307128906 731
1740459801255 0.5011981129646301 732
1740459801391 0.4907512366771698 733
1740459801554 0.48203974962234497 734
1740459801682 0.49080991744995117 735
1740459801815 0.48369184136390686 736
1740459801944 0.4831540882587433 737
1740459802074 0.47461047768592834 738
1740459802212 0.4792284667491913 739
1740459802362 0.48301631212234497 740
1740459802497 0.4874573051929474 741
1740459802638 0.4996548593044281 742
1740459802772 0.46817222237586975 743
1740459802913 0.5092645287513733 744
1740459803095 0.4986206889152527 745
1740459803231 0.509796142578125 746
1740459803360 0.4888000190258026 747
1740459803495 0.4960196614265442 748
1740459803617 0.48426318168640137 749
1740459803737 0.48630279302597046 750
1740459803862 0.48978742957115173 751
1740459803995 0.490098237991333 752
1740459804112 0.4957248270511627 753
1740459804238 0.49578770995140076 754
1740459804378 0.4882993698120117 755
1740459804512 0.501145601272583 756
1740459804649 0.493463397026062 757
1740459804791 0.47041553258895874 758
1740459804915 0.50636887550354 759
1740459805048 0.5037456154823303 760
1740459805178 0.48702293634414673 761
1740459805311 0.49621984362602234 762
1740459805455 0.5100733041763306 763
1740459805582 0.4762432873249054 764
1740459805700 0.49050286412239075 765
1740459805832 0.5095506310462952 766
1740459805964 0.499709814786911 767
1740459806111 0.5199702382087708 768
1740459806254 0.4792356789112091 769
1740459806390 0.48904672265052795 770
1740459806537 0.4883299767971039 771
1740459806680 0.49572429060935974 772
1740459806811 0.4952273368835449 773
1740459806947 0.5021137595176697 774
1740459807091 0.47973769903182983 775
1740459807232 0.5012468695640564 776
1740459807364 0.47325655817985535 777
1740459807504 0.488994836807251 778
1740459807652 0.4964516758918762 779
1740459807777 0.4998741149902344 780
1740459807900 0.495743989944458 781
1740459808021 0.49075865745544434 782
1740459808148 0.4891754984855652 783
1740459808282 0.4813823103904724 784
1740459808414 0.4997931122779846 785
1740459808549 0.4822983741760254 786
1740459808680 0.4795093238353729 787
1740459808815 0.4795754551887512 788
1740459808947 0.49489185214042664 789
1740459809069 0.4906197190284729 790
1740459809194 0.509148895740509 791
1740459809319 0.4950772225856781 792
1740459809438 0.4941410422325134 793
1740459809578 0.49603766202926636 794
1740459809698 0.5142530202865601 795
1740459809830 0.5168136358261108 796
1740459809961 0.5122246146202087 797
1740459810111 0.4847520589828491 798
1740459810238 0.4679221510887146 799
