1740457657060 0.5879043340682983 0
1740457657177 0.6216596364974976 1
1740457657295 0.6230661273002625 2
1740457657394 0.6230661273002625 3
1740457657490 0.6244725584983826 4
1740457657589 0.6315048933029175 5
1740457657697 0.6835442781448364 6
1740457657797 0.7609001398086548 7
1740457657908 0.7932489514350891 8
1740457658007 0.8157524466514587 9
1740457658107 0.8101266026496887 10
1740457658209 0.8115330338478088 11
1740457658314 0.8171589374542236 12
1740457658410 0.8143460154533386 13
1740457658528 0.8284106850624084 14
1740457658644 0.8199718594551086 15
1740457658757 0.8199718594551086 16
1740457658861 0.8129395246505737 17
1740457658964 0.8340365886688232 18
1740457659076 0.8213783502578735 19
1740457659176 0.8171589374542236 20
1740457659283 0.8270041942596436 21
1740457659400 0.8298171758651733 22
1740457659508 0.842475414276123 23
1740457659617 0.8241912722587585 24
1740457659729 0.8255977630615234 25
1740457659829 0.8354430198669434 26
1740457659944 0.8284106850624084 27
1740457660046 0.8227847814559937 28
1740457660151 0.8410689234733582 29
1740457660249 0.8298171758651733 30
1740457660357 0.8354430198669434 31
1740457660464 0.8438818454742432 32
1740457660560 0.8298171758651733 33
1740457660677 0.8396624326705933 34
1740457660777 0.842475414276123 35
1740457660876 0.8340365886688232 36
1740457660984 0.8284106850624084 37
1740457661084 0.8396624326705933 38
1740457661187 0.8312236070632935 39
1740457661293 0.842475414276123 40
1740457661397 0.8396624326705933 41
1740457661513 0.8340365886688232 42
1740457661612 0.8298171758651733 43
1740457661713 0.8340365886688232 44
1740457661827 0.842475414276123 45
1740457661930 0.8312236070632935 46
1740457662046 0.8396624326705933 47
1740457662149 0.8396624326705933 48
1740457662262 0.8396624326705933 49
1740457662361 0.8368495106697083 50
1740457662476 0.8326300978660583 51
1740457662583 0.8382560014724731 52
1740457662694 0.8438818454742432 53
1740457662796 0.8438818454742432 54
1740457662897 0.8438818454742432 55
1740457663002 0.8298171758651733 56
1740457663102 0.8326300978660583 57
1740457663202 0.8396624326705933 58
1740457663296 0.8438818454742432 59
1740457663413 0.8466947674751282 60
1740457663527 0.8396624326705933 61
1740457663632 0.8382560014724731 62
1740457663743 0.8509141802787781 63
1740457663854 0.8410689234733582 64
1740457663968 0.8438818454742432 65
1740457664064 0.849507749080658 66
1740457664178 0.8438818454742432 67
1740457664279 0.8326300978660583 68
1740457664401 0.8354430198669434 69
1740457664521 0.8396624326705933 70
1740457664643 0.8368495106697083 71
1740457664769 0.8438818454742432 72
1740457664880 0.842475414276123 73
1740457664979 0.8382560014724731 74
1740457665101 0.8396624326705933 75
1740457665204 0.8382560014724731 76
1740457665313 0.8354430198669434 77
1740457665413 0.8326300978660583 78
1740457665530 0.8382560014724731 79
1740457665624 0.8382560014724731 80
1740457665726 0.849507749080658 81
1740457665831 0.8438818454742432 82
1740457665934 0.8537271618843079 83
1740457666035 0.8382560014724731 84
1740457666137 0.8340365886688232 85
1740457666230 0.8509141802787781 86
1740457666342 0.8410689234733582 87
1740457666444 0.8354430198669434 88
1740457666548 0.852320671081543 89
1740457666663 0.8340365886688232 90
1740457666766 0.8284106850624084 91
1740457666873 0.8368495106697083 92
1740457666975 0.842475414276123 93
