1740457657060 0.5519347786903381 0
1740457657177 0.5519347786903381 1
1740457657295 0.5519347786903381 2
1740457657394 0.5519347786903381 3
1740457657490 0.5519347786903381 4
1740457657589 0.5519347786903381 5
1740457657697 0.5519347786903381 6
1740457657797 0.5519347786903381 7
1740457657908 0.5519347786903381 8
1740457658007 0.5519347786903381 9
1740457658107 0.5519347786903381 10
1740457658209 0.5519347786903381 11
1740457658314 0.5519347786903381 12
1740457658410 0.5519347786903381 13
1740457658528 0.5519347786903381 14
1740457658644 0.5519347786903381 15
1740457658757 0.5519347786903381 16
1740457658861 0.5519347786903381 17
1740457658964 0.5519347786903381 18
1740457659076 0.5519347786903381 19
1740457659176 0.5519347786903381 20
1740457659283 0.5519347786903381 21
1740457659400 0.5519347786903381 22
1740457659508 0.5519347786903381 23
1740457659617 0.5519347786903381 24
1740457659729 0.5519347786903381 25
1740457659829 0.5519347786903381 26
1740457659944 0.5519347786903381 27
1740457660046 0.5519347786903381 28
1740457660151 0.5519347786903381 29
1740457660249 0.5519347786903381 30
1740457660357 0.5519347786903381 31
1740457660464 0.5519347786903381 32
1740457660560 0.5519347786903381 33
1740457660677 0.5519347786903381 34
1740457660777 0.5519347786903381 35
1740457660876 0.5519347786903381 36
1740457660984 0.5519347786903381 37
1740457661084 0.5519347786903381 38
1740457661187 0.5519347786903381 39
1740457661293 0.5519347786903381 40
1740457661397 0.5519347786903381 41
1740457661513 0.5519347786903381 42
1740457661612 0.5519347786903381 43
1740457661713 0.5519347786903381 44
1740457661827 0.5519347786903381 45
1740457661930 0.5519347786903381 46
1740457662046 0.5519347786903381 47
1740457662149 0.5519347786903381 48
1740457662262 0.5519347786903381 49
1740457662361 0.5519347786903381 50
1740457662476 0.5519347786903381 51
1740457662583 0.5519347786903381 52
1740457662694 0.5519347786903381 53
1740457662796 0.5519347786903381 54
1740457662897 0.5519347786903381 55
1740457663002 0.5519347786903381 56
1740457663102 0.5519347786903381 57
1740457663202 0.5519347786903381 58
1740457663296 0.5519347786903381 59
1740457663413 0.5519347786903381 60
1740457663527 0.5519347786903381 61
1740457663632 0.5519347786903381 62
1740457663743 0.5519347786903381 63
1740457663854 0.5519347786903381 64
1740457663968 0.5519347786903381 65
1740457664064 0.5519347786903381 66
1740457664178 0.5519347786903381 67
1740457664279 0.5519347786903381 68
1740457664401 0.5519347786903381 69
1740457664521 0.5519347786903381 70
1740457664643 0.5519347786903381 71
1740457664769 0.5519347786903381 72
1740457664880 0.5519347786903381 73
1740457664979 0.5519347786903381 74
1740457665101 0.5519347786903381 75
1740457665204 0.5519347786903381 76
1740457665313 0.5519347786903381 77
1740457665413 0.5519347786903381 78
1740457665530 0.5519347786903381 79
1740457665624 0.5519347786903381 80
1740457665726 0.5519347786903381 81
1740457665831 0.5519347786903381 82
1740457665934 0.5519347786903381 83
1740457666035 0.5519347786903381 84
1740457666137 0.5519347786903381 85
1740457666230 0.5519347786903381 86
1740457666342 0.5519347786903381 87
1740457666444 0.5519347786903381 88
1740457666548 0.5519347786903381 89
1740457666663 0.5519347786903381 90
1740457666766 0.5519347786903381 91
1740457666873 0.5519347786903381 92
1740457666975 0.5519347786903381 93
