1740457657060 3.922712802886963 0
1740457657177 3.6556687355041504 1
1740457657295 3.409036874771118 2
1740457657394 3.175924062728882 3
1740457657490 2.9553680419921875 4
1740457657589 2.7480156421661377 5
1740457657697 2.5607728958129883 6
1740457657797 2.3880252838134766 7
1740457657908 2.235828399658203 8
1740457658007 2.0776686668395996 9
1740457658107 1.9470176696777344 10
1740457658209 1.8273898363113403 11
1740457658314 1.7102346420288086 12
1740457658410 1.608449101448059 13
1740457658528 1.509589433670044 14
1740457658644 1.4171465635299683 15
1740457658757 1.3375120162963867 16
1740457658861 1.2786352634429932 17
1740457658964 1.1917284727096558 18
1740457659076 1.1376899480819702 19
1740457659176 1.0938345193862915 20
1740457659283 1.0390769243240356 21
1740457659400 0.9901947379112244 22
1740457659508 0.939543604850769 23
1740457659617 0.92779541015625 24
1740457659729 0.8819379210472107 25
1740457659829 0.8468244075775146 26
1740457659944 0.822748064994812 27
1740457660046 0.8016710877418518 28
1740457660151 0.766046404838562 29
1740457660249 0.7492704391479492 30
1740457660357 0.734700083732605 31
1740457660464 0.7111488580703735 32
1740457660560 0.6924638152122498 33
1740457660677 0.6717902421951294 34
1740457660777 0.6561530828475952 35
1740457660876 0.652458667755127 36
1740457660984 0.6457975506782532 37
1740457661084 0.6199043393135071 38
1740457661187 0.621146559715271 39
1740457661293 0.6002506017684937 40
1740457661397 0.6098255515098572 41
1740457661513 0.5970720648765564 42
1740457661612 0.590264618396759 43
1740457661713 0.5935693979263306 44
1740457661827 0.5781766772270203 45
1740457661930 0.5694528818130493 46
1740457662046 0.5664821267127991 47
1740457662149 0.5593531131744385 48
1740457662262 0.5588232278823853 49
1740457662361 0.5581697821617126 50
1740457662476 0.5566276907920837 51
1740457662583 0.5623951554298401 52
1740457662694 0.5488136410713196 53
1740457662796 0.5400171279907227 54
1740457662897 0.5393571853637695 55
1740457663002 0.5333405137062073 56
1740457663102 0.5381668210029602 57
1740457663202 0.5327074527740479 58
1740457663296 0.5391754508018494 59
1740457663413 0.5276198983192444 60
1740457663527 0.5303491353988647 61
1740457663632 0.5272467732429504 62
1740457663743 0.5224177241325378 63
1740457663854 0.5118733048439026 64
1740457663968 0.515353262424469 65
1740457664064 0.5159514546394348 66
1740457664178 0.5176047086715698 67
1740457664279 0.5196135640144348 68
1740457664401 0.5243744850158691 69
1740457664521 0.5168554782867432 70
1740457664643 0.5234570503234863 71
1740457664769 0.5067698955535889 72
1740457664880 0.5080389380455017 73
1740457664979 0.5226218700408936 74
1740457665101 0.5284199714660645 75
1740457665204 0.5244064927101135 76
1740457665313 0.510216236114502 77
1740457665413 0.505251407623291 78
1740457665530 0.5176180601119995 79
1740457665624 0.5052305459976196 80
1740457665726 0.5076793432235718 81
1740457665831 0.5058660507202148 82
1740457665934 0.4915273189544678 83
1740457666035 0.5093927383422852 84
1740457666137 0.5061749219894409 85
1740457666230 0.5039143562316895 86
1740457666342 0.5113360285758972 87
1740457666444 0.5019807815551758 88
1740457666548 0.49753236770629883 89
1740457666663 0.5012115836143494 90
1740457666766 0.5082800984382629 91
1740457666873 0.50420743227005 92
1740457666975 0.5004576444625854 93
