1740450713486 0.5668073296546936 0
1740450713599 0.6174402236938477 1
1740450713712 0.6174402236938477 2
1740450713825 0.6258790493011475 3
1740450713935 0.6272855401039124 4
1740450714047 0.6286919713020325 5
1740450714165 0.6511955261230469 6
1740450714260 0.6624472737312317 7
1740450714380 0.6835442781448364 8
1740450714480 0.7257384061813354 9
1740450714596 0.75527423620224 10
1740450714702 0.7777777910232544 11
1740450714802 0.7735583782196045 12
1740450714913 0.7791842222213745 13
1740450715021 0.7904360294342041 14
1740450715130 0.7890295386314392 15
1740450715244 0.7988747954368591 16
1740450715364 0.7918424606323242 17
1740450715463 0.8016877770423889 18
1740450715576 0.8115330338478088 19
1740450715695 0.8101266026496887 20
1740450715798 0.8115330338478088 21
1740450715912 0.7960618734359741 22
1740450716017 0.797468364238739 23
1740450716130 0.8016877770423889 24
1740450716232 0.7988747954368591 25
1740450716350 0.797468364238739 26
1740450716459 0.8059071898460388 27
1740450716566 0.8073136210441589 28
1740450716671 0.8171589374542236 29
1740450716777 0.8157524466514587 30
1740450716885 0.8157524466514587 31
1740450717004 0.8171589374542236 32
1740450717114 0.8059071898460388 33
1740450717208 0.8143460154533386 34
1740450717313 0.8143460154533386 35
1740450717433 0.8157524466514587 36
1740450717542 0.8143460154533386 37
1740450717650 0.8185654282569885 38
1740450717751 0.800281286239624 39
1740450717854 0.8115330338478088 40
1740450717968 0.8270041942596436 41
1740450718074 0.8101266026496887 42
1740450718198 0.8255977630615234 43
1740450718327 0.8312236070632935 44
1740450718432 0.8340365886688232 45
1740450718543 0.8227847814559937 46
1740450718657 0.8241912722587585 47
1740450718773 0.8368495106697083 48
1740450718895 0.8354430198669434 49
1740450719013 0.8143460154533386 50
1740450719121 0.8326300978660583 51
1740450719231 0.8255977630615234 52
1740450719329 0.8382560014724731 53
1740450719444 0.8312236070632935 54
1740450719551 0.8255977630615234 55
1740450719664 0.8270041942596436 56
1740450719766 0.8199718594551086 57
1740450719870 0.8171589374542236 58
1740450719962 0.8354430198669434 59
1740450720074 0.8157524466514587 60
1740450720184 0.8312236070632935 61
1740450720287 0.8410689234733582 62
1740450720382 0.8312236070632935 63
1740450720494 0.8255977630615234 64
1740450720592 0.8255977630615234 65
1740450720709 0.8241912722587585 66
1740450720812 0.8213783502578735 67
1740450720912 0.8241912722587585 68
1740450721025 0.8255977630615234 69
1740450721126 0.8340365886688232 70
1740450721237 0.8368495106697083 71
1740450721332 0.8284106850624084 72
1740450721458 0.8298171758651733 73
1740450721560 0.842475414276123 74
1740450721677 0.8227847814559937 75
1740450721777 0.8255977630615234 76
1740450721884 0.8227847814559937 77
1740450721985 0.8382560014724731 78
1740450722107 0.8382560014724731 79
1740450722224 0.8227847814559937 80
1740450722347 0.8354430198669434 81
1740450722464 0.8255977630615234 82
1740450722570 0.8241912722587585 83
1740450722684 0.842475414276123 84
1740450722797 0.8452883362770081 85
1740450722896 0.8312236070632935 86
1740450723028 0.8284106850624084 87
1740450723153 0.852320671081543 88
1740450723277 0.8340365886688232 89
1740450723379 0.8326300978660583 90
1740450723497 0.8382560014724731 91
1740450723600 0.8298171758651733 92
1740450723704 0.8199718594551086 93
1740450723808 0.8326300978660583 94
1740450723913 0.8396624326705933 95
1740450724024 0.8298171758651733 96
1740450724132 0.8537271618843079 97
1740450724226 0.8354430198669434 98
1740450724348 0.8368495106697083 99
1740450724445 0.8326300978660583 100
1740450724556 0.8255977630615234 101
1740450724657 0.8340365886688232 102
1740450724763 0.8213783502578735 103
1740450724871 0.8227847814559937 104
1740450724973 0.8241912722587585 105
1740450725081 0.8227847814559937 106
1740450725184 0.8312236070632935 107
1740450725291 0.8396624326705933 108
1740450725396 0.8326300978660583 109
1740450725508 0.8298171758651733 110
1740450725612 0.8255977630615234 111
1740450725725 0.8340365886688232 112
1740450725834 0.8326300978660583 113
1740450725943 0.8227847814559937 114
1740450726058 0.8354430198669434 115
1740450726173 0.8340365886688232 116
1740450726279 0.8326300978660583 117
1740450726379 0.8396624326705933 118
1740450726488 0.8312236070632935 119
1740450726592 0.8340365886688232 120
1740450726700 0.8284106850624084 121
1740450726816 0.8284106850624084 122
1740450726926 0.842475414276123 123
1740450727027 0.8227847814559937 124
1740450727142 0.8326300978660583 125
1740450727247 0.8340365886688232 126
1740450727348 0.8284106850624084 127
1740450727453 0.8241912722587585 128
1740450727558 0.8354430198669434 129
1740450727688 0.8270041942596436 130
1740450727799 0.8298171758651733 131
1740450727907 0.8382560014724731 132
1740450728010 0.8255977630615234 133
1740450728120 0.8438818454742432 134
1740450728225 0.8396624326705933 135
1740450728332 0.8255977630615234 136
1740450728442 0.8213783502578735 137
1740450728551 0.8270041942596436 138
1740450728653 0.8340365886688232 139
1740450728762 0.852320671081543 140
1740450728858 0.8410689234733582 141
1740450728974 0.8298171758651733 142
1740450729086 0.8298171758651733 143
1740450729191 0.8255977630615234 144
1740450729296 0.8382560014724731 145
1740450729400 0.8326300978660583 146
1740450729495 0.8326300978660583 147
1740450729607 0.8213783502578735 148
1740450729717 0.8312236070632935 149
1740450729818 0.8298171758651733 150
1740450729922 0.8270041942596436 151
1740450730030 0.8396624326705933 152
1740450730149 0.8241912722587585 153
1740450730259 0.8354430198669434 154
1740450730383 0.8396624326705933 155
1740450730491 0.8298171758651733 156
1740450730594 0.8396624326705933 157
1740450730733 0.8354430198669434 158
1740450730862 0.8284106850624084 159
1740450730970 0.8255977630615234 160
1740450731086 0.8199718594551086 161
1740450731193 0.8354430198669434 162
1740450731307 0.8481012582778931 163
1740450731415 0.8340365886688232 164
1740450731522 0.8368495106697083 165
1740450731625 0.8410689234733582 166
1740450731726 0.8382560014724731 167
1740450731828 0.8312236070632935 168
1740450731945 0.8312236070632935 169
1740450732040 0.8312236070632935 170
1740450732159 0.8396624326705933 171
1740450732265 0.8326300978660583 172
1740450732387 0.8382560014724731 173
1740450732493 0.8227847814559937 174
1740450732595 0.8340365886688232 175
1740450732691 0.8368495106697083 176
1740450732820 0.8452883362770081 177
1740450732925 0.8354430198669434 178
1740450733050 0.8354430198669434 179
1740450733178 0.8368495106697083 180
1740450733290 0.8354430198669434 181
1740450733434 0.8255977630615234 182
1740450733545 0.8284106850624084 183
1740450733667 0.8312236070632935 184
1740450733781 0.8368495106697083 185
1740450733905 0.8410689234733582 186
1740450734012 0.8368495106697083 187
1740450734128 0.8312236070632935 188
1740450734234 0.8241912722587585 189
1740450734360 0.8284106850624084 190
1740450734458 0.8284106850624084 191
1740450734581 0.849507749080658 192
1740450734695 0.8438818454742432 193
1740450734794 0.8298171758651733 194
1740450734911 0.8255977630615234 195
1740450735020 0.8452883362770081 196
1740450735144 0.8354430198669434 197
1740450735244 0.8340365886688232 198
1740450735359 0.842475414276123 199
