1740450713486 0.5519347786903381 0
1740450713599 0.5519347786903381 1
1740450713712 0.5519347786903381 2
1740450713825 0.5519347786903381 3
1740450713935 0.5519347786903381 4
1740450714047 0.5519347786903381 5
1740450714165 0.5519347786903381 6
1740450714260 0.5519347786903381 7
1740450714380 0.5519347786903381 8
1740450714480 0.5519347786903381 9
1740450714596 0.5519347786903381 10
1740450714702 0.5519347786903381 11
1740450714802 0.5519347786903381 12
1740450714913 0.5519347786903381 13
1740450715021 0.5519347786903381 14
1740450715130 0.5519347786903381 15
1740450715244 0.5519347786903381 16
1740450715364 0.5519347786903381 17
1740450715463 0.5519347786903381 18
1740450715576 0.5519347786903381 19
1740450715695 0.5519347786903381 20
1740450715798 0.5519347786903381 21
1740450715912 0.5519347786903381 22
1740450716017 0.5519347786903381 23
1740450716130 0.5519347786903381 24
1740450716232 0.5519347786903381 25
1740450716350 0.5519347786903381 26
1740450716459 0.5519347786903381 27
1740450716566 0.5519347786903381 28
1740450716671 0.5519347786903381 29
1740450716777 0.5519347786903381 30
1740450716885 0.5519347786903381 31
1740450717004 0.5519347786903381 32
1740450717114 0.5519347786903381 33
1740450717208 0.5519347786903381 34
1740450717313 0.5519347786903381 35
1740450717433 0.5519347786903381 36
1740450717542 0.5519347786903381 37
1740450717650 0.5519347786903381 38
1740450717751 0.5519347786903381 39
1740450717854 0.5519347786903381 40
1740450717968 0.5519347786903381 41
1740450718074 0.5519347786903381 42
1740450718198 0.5519347786903381 43
1740450718327 0.5519347786903381 44
1740450718432 0.5519347786903381 45
1740450718543 0.5519347786903381 46
1740450718657 0.5519347786903381 47
1740450718773 0.5519347786903381 48
1740450718895 0.5519347786903381 49
1740450719013 0.5519347786903381 50
1740450719121 0.5519347786903381 51
1740450719231 0.5519347786903381 52
1740450719329 0.5519347786903381 53
1740450719444 0.5519347786903381 54
1740450719551 0.5519347786903381 55
1740450719664 0.5519347786903381 56
1740450719766 0.5519347786903381 57
1740450719870 0.5519347786903381 58
1740450719962 0.5519347786903381 59
1740450720074 0.5519347786903381 60
1740450720184 0.5519347786903381 61
1740450720287 0.5519347786903381 62
1740450720382 0.5519347786903381 63
1740450720494 0.5519347786903381 64
1740450720592 0.5519347786903381 65
1740450720709 0.5519347786903381 66
1740450720812 0.5519347786903381 67
1740450720912 0.5519347786903381 68
1740450721025 0.5519347786903381 69
1740450721126 0.5519347786903381 70
1740450721237 0.5519347786903381 71
1740450721332 0.5519347786903381 72
1740450721458 0.5519347786903381 73
1740450721560 0.5519347786903381 74
1740450721677 0.5519347786903381 75
1740450721777 0.5519347786903381 76
1740450721884 0.5519347786903381 77
1740450721985 0.5519347786903381 78
1740450722107 0.5519347786903381 79
1740450722224 0.5519347786903381 80
1740450722347 0.5519347786903381 81
1740450722464 0.5519347786903381 82
1740450722570 0.5519347786903381 83
1740450722684 0.5519347786903381 84
1740450722797 0.5519347786903381 85
1740450722896 0.5519347786903381 86
1740450723028 0.5519347786903381 87
1740450723153 0.5519347786903381 88
1740450723277 0.5519347786903381 89
1740450723379 0.5519347786903381 90
1740450723497 0.5519347786903381 91
1740450723600 0.5519347786903381 92
1740450723704 0.5519347786903381 93
1740450723808 0.5519347786903381 94
1740450723913 0.5519347786903381 95
1740450724024 0.5519347786903381 96
1740450724132 0.5519347786903381 97
1740450724226 0.5519347786903381 98
1740450724348 0.5519347786903381 99
1740450724445 0.5519347786903381 100
1740450724556 0.5519347786903381 101
1740450724657 0.5519347786903381 102
1740450724763 0.5519347786903381 103
1740450724871 0.5519347786903381 104
1740450724973 0.5519347786903381 105
1740450725081 0.5519347786903381 106
1740450725184 0.5519347786903381 107
1740450725291 0.5519347786903381 108
1740450725396 0.5519347786903381 109
1740450725508 0.5519347786903381 110
1740450725612 0.5519347786903381 111
1740450725725 0.5519347786903381 112
1740450725834 0.5519347786903381 113
1740450725943 0.5519347786903381 114
1740450726058 0.5519347786903381 115
1740450726173 0.5519347786903381 116
1740450726279 0.5519347786903381 117
1740450726379 0.5519347786903381 118
1740450726488 0.5519347786903381 119
1740450726592 0.5519347786903381 120
1740450726700 0.5519347786903381 121
1740450726816 0.5519347786903381 122
1740450726926 0.5519347786903381 123
1740450727027 0.5519347786903381 124
1740450727142 0.5519347786903381 125
1740450727247 0.5519347786903381 126
1740450727348 0.5519347786903381 127
1740450727453 0.5519347786903381 128
1740450727558 0.5519347786903381 129
1740450727688 0.5519347786903381 130
1740450727799 0.5519347786903381 131
1740450727907 0.5519347786903381 132
1740450728010 0.5519347786903381 133
1740450728120 0.5519347786903381 134
1740450728225 0.5519347786903381 135
1740450728332 0.5519347786903381 136
1740450728442 0.5519347786903381 137
1740450728551 0.5519347786903381 138
1740450728653 0.5519347786903381 139
1740450728762 0.5519347786903381 140
1740450728858 0.5519347786903381 141
1740450728974 0.5519347786903381 142
1740450729086 0.5519347786903381 143
1740450729191 0.5519347786903381 144
1740450729296 0.5519347786903381 145
1740450729400 0.5519347786903381 146
1740450729495 0.5519347786903381 147
1740450729607 0.5519347786903381 148
1740450729717 0.5519347786903381 149
1740450729818 0.5519347786903381 150
1740450729922 0.5519347786903381 151
1740450730030 0.5519347786903381 152
1740450730149 0.5519347786903381 153
1740450730259 0.5519347786903381 154
1740450730383 0.5519347786903381 155
1740450730491 0.5519347786903381 156
1740450730594 0.5519347786903381 157
1740450730733 0.5519347786903381 158
1740450730862 0.5519347786903381 159
1740450730970 0.5519347786903381 160
1740450731086 0.5519347786903381 161
1740450731193 0.5519347786903381 162
1740450731307 0.5519347786903381 163
1740450731415 0.5519347786903381 164
1740450731522 0.5519347786903381 165
1740450731625 0.5519347786903381 166
1740450731726 0.5519347786903381 167
1740450731828 0.5519347786903381 168
1740450731945 0.5519347786903381 169
1740450732040 0.5519347786903381 170
1740450732159 0.5519347786903381 171
1740450732265 0.5519347786903381 172
1740450732387 0.5519347786903381 173
1740450732493 0.5519347786903381 174
1740450732595 0.5519347786903381 175
1740450732691 0.5519347786903381 176
1740450732820 0.5519347786903381 177
1740450732925 0.5519347786903381 178
1740450733050 0.5519347786903381 179
1740450733178 0.5519347786903381 180
1740450733290 0.5519347786903381 181
1740450733434 0.5519347786903381 182
1740450733545 0.5519347786903381 183
1740450733667 0.5519347786903381 184
1740450733781 0.5519347786903381 185
1740450733905 0.5519347786903381 186
1740450734012 0.5519347786903381 187
1740450734128 0.5519347786903381 188
1740450734234 0.5519347786903381 189
1740450734360 0.5519347786903381 190
1740450734458 0.5519347786903381 191
1740450734581 0.5519347786903381 192
1740450734695 0.5519347786903381 193
1740450734794 0.5519347786903381 194
1740450734911 0.5519347786903381 195
1740450735020 0.5519347786903381 196
1740450735144 0.5519347786903381 197
1740450735244 0.5519347786903381 198
1740450735359 0.5519347786903381 199
