1740450713486 3.952967643737793 0
1740450713599 3.6915745735168457 1
1740450713712 3.4467787742614746 2
1740450713825 3.220817804336548 3
1740450713935 3.0009610652923584 4
1740450714047 2.8009305000305176 5
1740450714165 2.606407403945923 6
1740450714260 2.4335150718688965 7
1740450714380 2.2631561756134033 8
1740450714480 2.129721164703369 9
1740450714596 1.9793510437011719 10
1740450714702 1.8579250574111938 11
1740450714802 1.7634893655776978 12
1740450714913 1.6432188749313354 13
1740450715021 1.5566754341125488 14
1740450715130 1.4560554027557373 15
1740450715244 1.3825019598007202 16
1740450715364 1.3017284870147705 17
1740450715463 1.2221314907073975 18
1740450715576 1.166767954826355 19
1740450715695 1.110120415687561 20
1740450715798 1.0597646236419678 21
1740450715912 1.0094925165176392 22
1740450716017 0.9879891276359558 23
1740450716130 0.942960262298584 24
1740450716232 0.8945213556289673 25
1740450716350 0.8563333749771118 26
1740450716459 0.8306638598442078 27
1740450716566 0.8182083964347839 28
1740450716671 0.7847728729248047 29
1740450716777 0.753104031085968 30
1740450716885 0.7367329001426697 31
1740450717004 0.7294198274612427 32
1740450717114 0.7290982604026794 33
1740450717208 0.6923258900642395 34
1740450717313 0.6853345632553101 35
1740450717433 0.6476563811302185 36
1740450717542 0.6610620617866516 37
1740450717650 0.6362955570220947 38
1740450717751 0.6275125741958618 39
1740450717854 0.6315285563468933 40
1740450717968 0.6304142475128174 41
1740450718074 0.6031813621520996 42
1740450718198 0.6065119504928589 43
1740450718327 0.6004236340522766 44
1740450718432 0.5943881869316101 45
1740450718543 0.5998902320861816 46
1740450718657 0.5843377709388733 47
1740450718773 0.5733059048652649 48
1740450718895 0.5595561265945435 49
1740450719013 0.5688199996948242 50
1740450719121 0.5646324157714844 51
1740450719231 0.5546401739120483 52
1740450719329 0.5632476210594177 53
1740450719444 0.5553280115127563 54
1740450719551 0.5478805303573608 55
1740450719664 0.5562123656272888 56
1740450719766 0.5492823123931885 57
1740450719870 0.5368630886077881 58
1740450719962 0.5434016585350037 59
1740450720074 0.5474631190299988 60
1740450720184 0.5405522584915161 61
1740450720287 0.5386636853218079 62
1740450720382 0.541199266910553 63
1740450720494 0.5366094708442688 64
1740450720592 0.5416051149368286 65
1740450720709 0.522057294845581 66
1740450720812 0.5621547698974609 67
1740450720912 0.5397960543632507 68
1740450721025 0.530146598815918 69
1740450721126 0.5255925059318542 70
1740450721237 0.5366745591163635 71
1740450721332 0.5251912474632263 72
1740450721458 0.5271324515342712 73
1740450721560 0.5283271074295044 74
1740450721677 0.5268709063529968 75
1740450721777 0.529997706413269 76
1740450721884 0.5211898684501648 77
1740450721985 0.5141591429710388 78
1740450722107 0.5232865810394287 79
1740450722224 0.5292922854423523 80
1740450722347 0.5209851264953613 81
1740450722464 0.521271288394928 82
1740450722570 0.5315715074539185 83
1740450722684 0.5319837331771851 84
1740450722797 0.5158767700195312 85
1740450722896 0.5094271302223206 86
1740450723028 0.5192171931266785 87
1740450723153 0.5142237544059753 88
1740450723277 0.5323059558868408 89
1740450723379 0.5121499300003052 90
1740450723497 0.521281898021698 91
1740450723600 0.540944516658783 92
1740450723704 0.5150337219238281 93
1740450723808 0.5168257355690002 94
1740450723913 0.5176767706871033 95
1740450724024 0.5150200128555298 96
1740450724132 0.5156216621398926 97
1740450724226 0.510017991065979 98
1740450724348 0.5173458456993103 99
1740450724445 0.5061689019203186 100
1740450724556 0.5276686549186707 101
1740450724657 0.5141403675079346 102
1740450724763 0.5271292328834534 103
1740450724871 0.5277606248855591 104
1740450724973 0.5222872495651245 105
1740450725081 0.5317550897598267 106
1740450725184 0.5155473351478577 107
1740450725291 0.5018860697746277 108
1740450725396 0.5232560038566589 109
1740450725508 0.5181688070297241 110
1740450725612 0.5240591168403625 111
1740450725725 0.5056503415107727 112
1740450725834 0.5052547454833984 113
1740450725943 0.5303370356559753 114
1740450726058 0.5178757905960083 115
1740450726173 0.5135981440544128 116
1740450726279 0.527573823928833 117
1740450726379 0.4970131516456604 118
1740450726488 0.5175513625144958 119
1740450726592 0.5095971822738647 120
1740450726700 0.5001910328865051 121
1740450726816 0.5078446269035339 122
1740450726926 0.5182881951332092 123
1740450727027 0.5231826901435852 124
1740450727142 0.5135008692741394 125
1740450727247 0.5123664736747742 126
1740450727348 0.5137402415275574 127
1740450727453 0.5144287347793579 128
1740450727558 0.5204169154167175 129
1740450727688 0.5088998079299927 130
1740450727799 0.5115832686424255 131
1740450727907 0.5093854069709778 132
1740450728010 0.5019396543502808 133
1740450728120 0.5102695822715759 134
1740450728225 0.512229323387146 135
1740450728332 0.5217359066009521 136
1740450728442 0.5239859223365784 137
1740450728551 0.5117495656013489 138
1740450728653 0.49906402826309204 139
1740450728762 0.49669474363327026 140
1740450728858 0.5008412599563599 141
1740450728974 0.5321200489997864 142
1740450729086 0.518976628780365 143
1740450729191 0.5197006464004517 144
1740450729296 0.5098344087600708 145
1740450729400 0.4987757205963135 146
1740450729495 0.5180659890174866 147
1740450729607 0.5179990530014038 148
1740450729717 0.5107896327972412 149
1740450729818 0.5188741683959961 150
1740450729922 0.5141052007675171 151
1740450730030 0.5012220740318298 152
1740450730149 0.5217856168746948 153
1740450730259 0.514092206954956 154
1740450730383 0.5041328072547913 155
1740450730491 0.5103194713592529 156
1740450730594 0.5177370309829712 157
1740450730733 0.5051944255828857 158
1740450730862 0.5227290391921997 159
1740450730970 0.525780975818634 160
1740450731086 0.5125774145126343 161
1740450731193 0.5113199353218079 162
1740450731307 0.49991777539253235 163
1740450731415 0.5065504312515259 164
1740450731522 0.5095421075820923 165
1740450731625 0.49677062034606934 166
1740450731726 0.5066164135932922 167
1740450731828 0.5139174461364746 168
1740450731945 0.5219630599021912 169
1740450732040 0.49197131395339966 170
1740450732159 0.5022961497306824 171
1740450732265 0.5040854215621948 172
1740450732387 0.49841150641441345 173
1740450732493 0.520800769329071 174
1740450732595 0.5040739178657532 175
1740450732691 0.5132789015769958 176
1740450732820 0.5181251168251038 177
1740450732925 0.49718889594078064 178
1740450733050 0.48864173889160156 179
1740450733178 0.5159977078437805 180
1740450733290 0.5053724050521851 181
1740450733434 0.510075569152832 182
1740450733545 0.5027962923049927 183
1740450733667 0.5147562026977539 184
1740450733781 0.5005060434341431 185
1740450733905 0.49593278765678406 186
1740450734012 0.5241286158561707 187
1740450734128 0.5049668550491333 188
1740450734234 0.501598060131073 189
1740450734360 0.4919773042201996 190
1740450734458 0.4898211658000946 191
1740450734581 0.5032346844673157 192
1740450734695 0.4935820400714874 193
1740450734794 0.4937739968299866 194
1740450734911 0.5154505968093872 195
1740450735020 0.49779513478279114 196
1740450735144 0.5051048398017883 197
1740450735244 0.5049924254417419 198
1740450735359 0.4953308403491974 199
