1740457246765 0.502109706401825 0
1740457246881 0.6596342921257019 1
1740457247015 0.6343178749084473 2
1740457247169 0.6300984621047974 3
1740457247278 0.6329113841056824 4
1740457247389 0.6300984621047974 5
1740457247500 0.652601957321167 6
1740457247598 0.6736990213394165 7
1740457247713 0.7341772317886353 8
1740457247830 0.7918424606323242 9
1740457247947 0.8115330338478088 10
1740457248045 0.8059071898460388 11
1740457248156 0.8129395246505737 12
1740457248267 0.7988747954368591 13
1740457248393 0.8101266026496887 14
1740457248500 0.8143460154533386 15
1740457248606 0.8129395246505737 16
1740457248714 0.8213783502578735 17
1740457248832 0.8241912722587585 18
1740457248947 0.8115330338478088 19
1740457249048 0.8199718594551086 20
1740457249203 0.8312236070632935 21
1740457249315 0.8185654282569885 22
1740457249435 0.8438818454742432 23
1740457249551 0.8354430198669434 24
1740457249673 0.8129395246505737 25
1740457249812 0.8270041942596436 26
1740457249945 0.8255977630615234 27
1740457250064 0.8312236070632935 28
1740457250189 0.8312236070632935 29
1740457250299 0.8185654282569885 30
1740457250417 0.8368495106697083 31
1740457250531 0.8340365886688232 32
1740457250660 0.8199718594551086 33
1740457250767 0.8326300978660583 34
1740457250883 0.842475414276123 35
1740457250997 0.8466947674751282 36
1740457251104 0.8270041942596436 37
1740457251216 0.842475414276123 38
1740457251330 0.8312236070632935 39
1740457251450 0.8255977630615234 40
1740457251568 0.8340365886688232 41
1740457251682 0.842475414276123 42
1740457251799 0.8354430198669434 43
1740457251916 0.8481012582778931 44
1740457252030 0.8466947674751282 45
1740457252164 0.8312236070632935 46
1740457252285 0.8382560014724731 47
1740457252400 0.8298171758651733 48
1740457252520 0.8396624326705933 49
1740457252637 0.8255977630615234 50
1740457252751 0.849507749080658 51
1740457252864 0.8481012582778931 52
1740457253000 0.849507749080658 53
1740457253116 0.8326300978660583 54
1740457253232 0.8354430198669434 55
1740457253336 0.842475414276123 56
1740457253452 0.8410689234733582 57
1740457253583 0.8241912722587585 58
1740457253695 0.8410689234733582 59
1740457253800 0.8312236070632935 60
1740457253918 0.8481012582778931 61
1740457254025 0.8466947674751282 62
1740457254134 0.8312236070632935 63
1740457254233 0.8410689234733582 64
1740457254350 0.842475414276123 65
1740457254466 0.8312236070632935 66
1740457254583 0.8438818454742432 67
1740457254699 0.8410689234733582 68
1740457254808 0.8410689234733582 69
1740457254920 0.8340365886688232 70
1740457255034 0.8466947674751282 71
1740457255149 0.8466947674751282 72
1740457255263 0.8410689234733582 73
1740457255367 0.842475414276123 74
1740457255485 0.8382560014724731 75
1740457255603 0.8509141802787781 76
1740457255736 0.8509141802787781 77
1740457255850 0.8368495106697083 78
1740457255953 0.8326300978660583 79
1740457256066 0.8312236070632935 80
1740457256169 0.8438818454742432 81
1740457256286 0.849507749080658 82
1740457256386 0.8452883362770081 83
1740457256500 0.8354430198669434 84
1740457256617 0.8340365886688232 85
1740457256730 0.8354430198669434 86
1740457256837 0.8340365886688232 87
1740457256944 0.8466947674751282 88
1740457257063 0.8410689234733582 89
1740457257185 0.8368495106697083 90
1740457257301 0.8481012582778931 91
1740457257399 0.8509141802787781 92
1740457257517 0.8326300978660583 93
1740457257616 0.8481012582778931 94
1740457257735 0.849507749080658 95
1740457257831 0.8509141802787781 96
1740457257947 0.8270041942596436 97
1740457258071 0.8466947674751282 98
1740457258167 0.8537271618843079 99
1740457258279 0.8368495106697083 100
1740457258411 0.849507749080658 101
1740457258538 0.8382560014724731 102
1740457258650 0.8396624326705933 103
1740457258753 0.842475414276123 104
1740457258868 0.8410689234733582 105
1740457258980 0.8466947674751282 106
1740457259091 0.8354430198669434 107
1740457259202 0.8354430198669434 108
1740457259312 0.852320671081543 109
1740457259422 0.8396624326705933 110
1740457259533 0.8481012582778931 111
1740457259628 0.8368495106697083 112
1740457259751 0.8270041942596436 113
1740457259866 0.8284106850624084 114
1740457259966 0.8340365886688232 115
1740457260130 0.8298171758651733 116
1740457260246 0.8452883362770081 117
1740457260367 0.8382560014724731 118
1740457260503 0.842475414276123 119
1740457260601 0.8466947674751282 120
1740457260739 0.8368495106697083 121
1740457260864 0.8213783502578735 122
1740457260968 0.8382560014724731 123
1740457261082 0.8284106850624084 124
1740457261200 0.8354430198669434 125
1740457261316 0.8410689234733582 126
1740457261431 0.8396624326705933 127
1740457261541 0.842475414276123 128
1740457261650 0.842475414276123 129
1740457261750 0.8466947674751282 130
