1740457246765 0.5519347786903381 0
1740457246881 0.5519347786903381 1
1740457247015 0.5519347786903381 2
1740457247169 0.5519347786903381 3
1740457247278 0.5519347786903381 4
1740457247389 0.5519347786903381 5
1740457247500 0.5519347786903381 6
1740457247598 0.5519347786903381 7
1740457247713 0.5519347786903381 8
1740457247830 0.5519347786903381 9
1740457247947 0.5519347786903381 10
1740457248045 0.5519347786903381 11
1740457248156 0.5519347786903381 12
1740457248267 0.5519347786903381 13
1740457248393 0.5519347786903381 14
1740457248500 0.5519347786903381 15
1740457248606 0.5519347786903381 16
1740457248714 0.5519347786903381 17
1740457248832 0.5519347786903381 18
1740457248947 0.5519347786903381 19
1740457249048 0.5519347786903381 20
1740457249203 0.5519347786903381 21
1740457249315 0.5519347786903381 22
1740457249435 0.5519347786903381 23
1740457249551 0.5519347786903381 24
1740457249673 0.5519347786903381 25
1740457249812 0.5519347786903381 26
1740457249945 0.5519347786903381 27
1740457250064 0.5519347786903381 28
1740457250189 0.5519347786903381 29
1740457250299 0.5519347786903381 30
1740457250417 0.5519347786903381 31
1740457250531 0.5519347786903381 32
1740457250660 0.5519347786903381 33
1740457250767 0.5519347786903381 34
1740457250883 0.5519347786903381 35
1740457250997 0.5519347786903381 36
1740457251104 0.5519347786903381 37
1740457251216 0.5519347786903381 38
1740457251330 0.5519347786903381 39
1740457251450 0.5519347786903381 40
1740457251568 0.5519347786903381 41
1740457251682 0.5519347786903381 42
1740457251799 0.5519347786903381 43
1740457251916 0.5519347786903381 44
1740457252030 0.5519347786903381 45
1740457252164 0.5519347786903381 46
1740457252285 0.5519347786903381 47
1740457252400 0.5519347786903381 48
1740457252520 0.5519347786903381 49
1740457252637 0.5519347786903381 50
1740457252751 0.5519347786903381 51
1740457252864 0.5519347786903381 52
1740457253000 0.5519347786903381 53
1740457253116 0.5519347786903381 54
1740457253232 0.5519347786903381 55
1740457253336 0.5519347786903381 56
1740457253452 0.5519347786903381 57
1740457253583 0.5519347786903381 58
1740457253695 0.5519347786903381 59
1740457253800 0.5519347786903381 60
1740457253918 0.5519347786903381 61
1740457254025 0.5519347786903381 62
1740457254134 0.5519347786903381 63
1740457254233 0.5519347786903381 64
1740457254350 0.5519347786903381 65
1740457254466 0.5519347786903381 66
1740457254583 0.5519347786903381 67
1740457254699 0.5519347786903381 68
1740457254808 0.5519347786903381 69
1740457254920 0.5519347786903381 70
1740457255034 0.5519347786903381 71
1740457255149 0.5519347786903381 72
1740457255263 0.5519347786903381 73
1740457255367 0.5519347786903381 74
1740457255485 0.5519347786903381 75
1740457255603 0.5519347786903381 76
1740457255736 0.5519347786903381 77
1740457255850 0.5519347786903381 78
1740457255953 0.5519347786903381 79
1740457256066 0.5519347786903381 80
1740457256169 0.5519347786903381 81
1740457256286 0.5519347786903381 82
1740457256386 0.5519347786903381 83
1740457256500 0.5519347786903381 84
1740457256617 0.5519347786903381 85
1740457256730 0.5519347786903381 86
1740457256837 0.5519347786903381 87
1740457256944 0.5519347786903381 88
1740457257063 0.5519347786903381 89
1740457257185 0.5519347786903381 90
1740457257301 0.5519347786903381 91
1740457257399 0.5519347786903381 92
1740457257517 0.5519347786903381 93
1740457257616 0.5519347786903381 94
1740457257735 0.5519347786903381 95
1740457257831 0.5519347786903381 96
1740457257947 0.5519347786903381 97
1740457258071 0.5519347786903381 98
1740457258167 0.5519347786903381 99
1740457258279 0.5519347786903381 100
1740457258411 0.5519347786903381 101
1740457258538 0.5519347786903381 102
1740457258650 0.5519347786903381 103
1740457258753 0.5519347786903381 104
1740457258868 0.5519347786903381 105
1740457258980 0.5519347786903381 106
1740457259091 0.5519347786903381 107
1740457259202 0.5519347786903381 108
1740457259312 0.5519347786903381 109
1740457259422 0.5519347786903381 110
1740457259533 0.5519347786903381 111
1740457259628 0.5519347786903381 112
1740457259751 0.5519347786903381 113
1740457259866 0.5519347786903381 114
1740457259966 0.5519347786903381 115
1740457260130 0.5519347786903381 116
1740457260246 0.5519347786903381 117
1740457260367 0.5519347786903381 118
1740457260503 0.5519347786903381 119
1740457260601 0.5519347786903381 120
1740457260739 0.5519347786903381 121
1740457260864 0.5519347786903381 122
1740457260968 0.5519347786903381 123
1740457261082 0.5519347786903381 124
1740457261200 0.5519347786903381 125
1740457261316 0.5519347786903381 126
1740457261431 0.5519347786903381 127
1740457261541 0.5519347786903381 128
1740457261650 0.5519347786903381 129
1740457261750 0.5519347786903381 130
