1740457246765 3.885279417037964 0
1740457246881 3.6245782375335693 1
1740457247015 3.381411552429199 2
1740457247169 3.1552748680114746 3
1740457247278 2.9390132427215576 4
1740457247389 2.7422332763671875 5
1740457247500 2.5526349544525146 6
1740457247598 2.3742566108703613 7
1740457247713 2.202281951904297 8
1740457247830 2.031585931777954 9
1740457247947 1.8925129175186157 10
1740457248045 1.7606455087661743 11
1740457248156 1.638730764389038 12
1740457248267 1.5480213165283203 13
1740457248393 1.4408613443374634 14
1740457248500 1.3529658317565918 15
1740457248606 1.2956924438476562 16
1740457248714 1.217010259628296 17
1740457248832 1.1578474044799805 18
1740457248947 1.0996735095977783 19
1740457249048 1.058647632598877 20
1740457249203 1.0045946836471558 21
1740457249315 0.9554230570793152 22
1740457249435 0.9024686813354492 23
1740457249551 0.8826645612716675 24
1740457249673 0.8532519936561584 25
1740457249812 0.819311797618866 26
1740457249945 0.7792949080467224 27
1740457250064 0.7500296831130981 28
1740457250189 0.7483201026916504 29
1740457250299 0.7243145704269409 30
1740457250417 0.7088729739189148 31
1740457250531 0.6803798079490662 32
1740457250660 0.6753574013710022 33
1740457250767 0.6589838266372681 34
1740457250883 0.6324968338012695 35
1740457250997 0.6328467726707458 36
1740457251104 0.6210082769393921 37
1740457251216 0.5965934991836548 38
1740457251330 0.6016244292259216 39
1740457251450 0.584564745426178 40
1740457251568 0.5812316536903381 41
1740457251682 0.5642783641815186 42
1740457251799 0.568586528301239 43
1740457251916 0.5520751476287842 44
1740457252030 0.5628026723861694 45
1740457252164 0.5616587996482849 46
1740457252285 0.5473831295967102 47
1740457252400 0.5549187064170837 48
1740457252520 0.5488232374191284 49
1740457252637 0.5462203025817871 50
1740457252751 0.526465892791748 51
1740457252864 0.5261710286140442 52
1740457253000 0.527812659740448 53
1740457253116 0.5283658504486084 54
1740457253232 0.5244444608688354 55
1740457253336 0.5213888883590698 56
1740457253452 0.5247727036476135 57
1740457253583 0.5189628601074219 58
1740457253695 0.5080803632736206 59
1740457253800 0.5207201242446899 60
1740457253918 0.5146970152854919 61
1740457254025 0.5161914229393005 62
1740457254134 0.5118428468704224 63
1740457254233 0.5138775706291199 64
1740457254350 0.5186142325401306 65
1740457254466 0.513913631439209 66
1740457254583 0.5162174701690674 67
1740457254699 0.5091040730476379 68
1740457254808 0.5100846886634827 69
1740457254920 0.49536046385765076 70
1740457255034 0.5067901611328125 71
1740457255149 0.5101655125617981 72
1740457255263 0.4950534403324127 73
1740457255367 0.5066509246826172 74
1740457255485 0.501440703868866 75
1740457255603 0.5035333037376404 76
1740457255736 0.5025694370269775 77
1740457255850 0.5079743266105652 78
1740457255953 0.5005010366439819 79
1740457256066 0.49849000573158264 80
1740457256169 0.4934138357639313 81
1740457256286 0.4954507052898407 82
1740457256386 0.5014348030090332 83
1740457256500 0.5074838995933533 84
1740457256617 0.5021682381629944 85
1740457256730 0.5130558013916016 86
1740457256837 0.49986007809638977 87
1740457256944 0.4968773424625397 88
1740457257063 0.48457056283950806 89
1740457257185 0.5053121447563171 90
1740457257301 0.4885171949863434 91
1740457257399 0.4947547912597656 92
1740457257517 0.4950408637523651 93
1740457257616 0.4901912808418274 94
1740457257735 0.47986024618148804 95
1740457257831 0.4885358214378357 96
1740457257947 0.5024747848510742 97
1740457258071 0.5002079606056213 98
1740457258167 0.4841315448284149 99
1740457258279 0.4917612373828888 100
1740457258411 0.49622154235839844 101
1740457258538 0.48704731464385986 102
1740457258650 0.48538434505462646 103
1740457258753 0.48384353518486023 104
1740457258868 0.5011758208274841 105
1740457258980 0.4877556264400482 106
1740457259091 0.49393653869628906 107
1740457259202 0.48136991262435913 108
1740457259312 0.4974133372306824 109
1740457259422 0.4831455945968628 110
1740457259533 0.48982077836990356 111
1740457259628 0.5005286931991577 112
1740457259751 0.49136263132095337 113
1740457259866 0.4925803244113922 114
1740457259966 0.49680450558662415 115
1740457260130 0.48243725299835205 116
1740457260246 0.49264392256736755 117
1740457260367 0.48965102434158325 118
1740457260503 0.4842868745326996 119
1740457260601 0.4867726266384125 120
1740457260739 0.4776429235935211 121
1740457260864 0.5037774443626404 122
1740457260968 0.48887452483177185 123
1740457261082 0.4930521249771118 124
1740457261200 0.4857562184333801 125
1740457261316 0.4861660897731781 126
1740457261431 0.4850149154663086 127
1740457261541 0.483175128698349 128
1740457261650 0.4788092076778412 129
1740457261750 0.48278117179870605 130
