1740456710203 0.5625879168510437 0
1740456710332 0.6596342921257019 1
1740456710432 0.6666666865348816 2
1740456710548 0.6891701817512512 3
1740456710665 0.7116736769676208 4
1740456710768 0.7383966445922852 5
1740456710864 0.7693389654159546 6
1740456710986 0.794655442237854 7
1740456711088 0.7862166166305542 8
1740456711198 0.7960618734359741 9
1740456711301 0.8087201118469238 10
1740456711399 0.8087201118469238 11
1740456711496 0.8255977630615234 12
1740456711597 0.8129395246505737 13
1740456711698 0.8171589374542236 14
1740456711798 0.8199718594551086 15
1740456711898 0.8087201118469238 16
1740456711998 0.8143460154533386 17
1740456712102 0.8143460154533386 18
1740456712217 0.8241912722587585 19
1740456712325 0.8298171758651733 20
1740456712437 0.8199718594551086 21
1740456712549 0.8129395246505737 22
1740456712670 0.8199718594551086 23
1740456712776 0.8340365886688232 24
1740456712884 0.8227847814559937 25
1740456712993 0.8368495106697083 26
1740456713103 0.8171589374542236 27
1740456713214 0.8227847814559937 28
1740456713318 0.8326300978660583 29
1740456713423 0.8241912722587585 30
1740456713518 0.8241912722587585 31
1740456713616 0.8270041942596436 32
1740456713729 0.8129395246505737 33
1740456713817 0.8199718594551086 34
1740456713931 0.8157524466514587 35
1740456714031 0.8143460154533386 36
1740456714134 0.8284106850624084 37
1740456714247 0.8312236070632935 38
1740456714350 0.8340365886688232 39
1740456714450 0.8101266026496887 40
1740456714551 0.8241912722587585 41
1740456714665 0.8354430198669434 42
1740456714770 0.8396624326705933 43
1740456714868 0.8157524466514587 44
1740456714980 0.8129395246505737 45
1740456715081 0.8185654282569885 46
1740456715183 0.8312236070632935 47
1740456715283 0.8171589374542236 48
1740456715388 0.8227847814559937 49
1740456715503 0.8284106850624084 50
1740456715602 0.8326300978660583 51
1740456715706 0.8270041942596436 52
1740456715828 0.8368495106697083 53
1740456715935 0.842475414276123 54
1740456716043 0.8326300978660583 55
1740456716157 0.8396624326705933 56
