1740456710203 0.5519347786903381 0
1740456710332 0.5519347786903381 1
1740456710432 0.5519347786903381 2
1740456710548 0.5519347786903381 3
1740456710665 0.5519347786903381 4
1740456710768 0.5519347786903381 5
1740456710864 0.5519347786903381 6
1740456710986 0.5519347786903381 7
1740456711088 0.5519347786903381 8
1740456711198 0.5519347786903381 9
1740456711301 0.5519347786903381 10
1740456711399 0.5519347786903381 11
1740456711496 0.5519347786903381 12
1740456711597 0.5519347786903381 13
1740456711698 0.5519347786903381 14
1740456711798 0.5519347786903381 15
1740456711898 0.5519347786903381 16
1740456711998 0.5519347786903381 17
1740456712102 0.5519347786903381 18
1740456712217 0.5519347786903381 19
1740456712325 0.5519347786903381 20
1740456712437 0.5519347786903381 21
1740456712549 0.5519347786903381 22
1740456712670 0.5519347786903381 23
1740456712776 0.5519347786903381 24
1740456712884 0.5519347786903381 25
1740456712993 0.5519347786903381 26
1740456713103 0.5519347786903381 27
1740456713214 0.5519347786903381 28
1740456713318 0.5519347786903381 29
1740456713423 0.5519347786903381 30
1740456713518 0.5519347786903381 31
1740456713616 0.5519347786903381 32
1740456713729 0.5519347786903381 33
1740456713817 0.5519347786903381 34
1740456713931 0.5519347786903381 35
1740456714031 0.5519347786903381 36
1740456714134 0.5519347786903381 37
1740456714247 0.5519347786903381 38
1740456714350 0.5519347786903381 39
1740456714450 0.5519347786903381 40
1740456714551 0.5519347786903381 41
1740456714665 0.5519347786903381 42
1740456714770 0.5519347786903381 43
1740456714868 0.5519347786903381 44
1740456714980 0.5519347786903381 45
1740456715081 0.5519347786903381 46
1740456715183 0.5519347786903381 47
1740456715283 0.5519347786903381 48
1740456715388 0.5519347786903381 49
1740456715503 0.5519347786903381 50
1740456715602 0.5519347786903381 51
1740456715706 0.5519347786903381 52
1740456715828 0.5519347786903381 53
1740456715935 0.5519347786903381 54
1740456716043 0.5519347786903381 55
1740456716157 0.5519347786903381 56
