1740456710203 3.869971513748169 0
1740456710332 3.612349271774292 1
1740456710432 3.3777198791503906 2
1740456710548 3.1544296741485596 3
1740456710665 2.9384241104125977 4
1740456710768 2.735222578048706 5
1740456710864 2.5522892475128174 6
1740456710986 2.3643808364868164 7
1740456711088 2.2004308700561523 8
1740456711198 2.0403785705566406 9
1740456711301 1.8967409133911133 10
1740456711399 1.7725369930267334 11
1740456711496 1.665608525276184 12
1740456711597 1.5603176355361938 13
1740456711698 1.4682891368865967 14
1740456711798 1.403226613998413 15
1740456711898 1.3183848857879639 16
1740456711998 1.2357323169708252 17
1740456712102 1.1933916807174683 18
1740456712217 1.1402829885482788 19
1740456712325 1.076338291168213 20
1740456712437 1.0504937171936035 21
1740456712549 1.001173734664917 22
1740456712670 0.9586191773414612 23
1740456712776 0.913074791431427 24
1740456712884 0.8951916694641113 25
1740456712993 0.8508301377296448 26
1740456713103 0.8156750202178955 27
1740456713214 0.8085085153579712 28
1740456713318 0.7770846486091614 29
1740456713423 0.7602012157440186 30
1740456713518 0.7291749715805054 31
1740456713616 0.7287231087684631 32
1740456713729 0.6948338150978088 33
1740456713817 0.6866631507873535 34
1740456713931 0.6937486529350281 35
1740456714031 0.657802402973175 36
1740456714134 0.6445948481559753 37
1740456714247 0.6310332417488098 38
1740456714350 0.6187030076980591 39
1740456714450 0.6168798208236694 40
1740456714551 0.6210147142410278 41
1740456714665 0.6170082092285156 42
1740456714770 0.5989840626716614 43
1740456714868 0.5873847007751465 44
1740456714980 0.5960772037506104 45
1740456715081 0.5980231761932373 46
1740456715183 0.5778651237487793 47
1740456715283 0.5711883902549744 48
1740456715388 0.5850382447242737 49
1740456715503 0.572483479976654 50
1740456715602 0.5733208656311035 51
1740456715706 0.5640068650245667 52
1740456715828 0.558419942855835 53
1740456715935 0.5594610571861267 54
1740456716043 0.5471708178520203 55
1740456716157 0.5513857007026672 56
