1740458828996 0.7060478329658508 0
1740458829079 0.7735583782196045 1
1740458829179 0.8059071898460388 2
1740458829263 0.8157524466514587 3
1740458829363 0.8115330338478088 4
1740458829458 0.8185654282569885 5
1740458829537 0.8171589374542236 6
1740458829635 0.8143460154533386 7
1740458829731 0.8213783502578735 8
1740458829812 0.8213783502578735 9
1740458829893 0.8143460154533386 10
1740458829991 0.8340365886688232 11
1740458830077 0.8284106850624084 12
1740458830165 0.8298171758651733 13
1740458830254 0.8452883362770081 14
1740458830353 0.8157524466514587 15
1740458830448 0.8312236070632935 16
1740458830547 0.8199718594551086 17
1740458830649 0.8241912722587585 18
1740458830757 0.8312236070632935 19
1740458830864 0.8410689234733582 20
1740458830964 0.8298171758651733 21
1740458831059 0.8270041942596436 22
1740458831150 0.8326300978660583 23
1740458831249 0.8270041942596436 24
1740458831352 0.8326300978660583 25
1740458831428 0.8298171758651733 26
1740458831526 0.8284106850624084 27
1740458831616 0.8312236070632935 28
1740458831698 0.8284106850624084 29
1740458831816 0.8298171758651733 30
1740458831906 0.8312236070632935 31
1740458831997 0.8410689234733582 32
1740458832108 0.8396624326705933 33
1740458832215 0.8340365886688232 34
1740458832316 0.8396624326705933 35
1740458832405 0.842475414276123 36
1740458832492 0.8410689234733582 37
1740458832595 0.8410689234733582 38
1740458832684 0.8312236070632935 39
1740458832782 0.8284106850624084 40
1740458832883 0.8382560014724731 41
1740458832997 0.8466947674751282 42
1740458833112 0.8171589374542236 43
1740458833210 0.8410689234733582 44
1740458833298 0.8452883362770081 45
