1740458828996 0.5519347786903381 0
1740458829079 0.5519347786903381 1
1740458829179 0.5519347786903381 2
1740458829263 0.5519347786903381 3
1740458829363 0.5519347786903381 4
1740458829458 0.5519347786903381 5
1740458829537 0.5519347786903381 6
1740458829635 0.5519347786903381 7
1740458829731 0.5519347786903381 8
1740458829812 0.5519347786903381 9
1740458829893 0.5519347786903381 10
1740458829991 0.5519347786903381 11
1740458830077 0.5519347786903381 12
1740458830165 0.5519347786903381 13
1740458830254 0.5519347786903381 14
1740458830353 0.5519347786903381 15
1740458830448 0.5519347786903381 16
1740458830547 0.5519347786903381 17
1740458830649 0.5519347786903381 18
1740458830757 0.5519347786903381 19
1740458830864 0.5519347786903381 20
1740458830964 0.5519347786903381 21
1740458831059 0.5519347786903381 22
1740458831150 0.5519347786903381 23
1740458831249 0.5519347786903381 24
1740458831352 0.5519347786903381 25
1740458831428 0.5519347786903381 26
1740458831526 0.5519347786903381 27
1740458831616 0.5519347786903381 28
1740458831698 0.5519347786903381 29
1740458831816 0.5519347786903381 30
1740458831906 0.5519347786903381 31
1740458831997 0.5519347786903381 32
1740458832108 0.5519347786903381 33
1740458832215 0.5519347786903381 34
1740458832316 0.5519347786903381 35
1740458832405 0.5519347786903381 36
1740458832492 0.5519347786903381 37
1740458832595 0.5519347786903381 38
1740458832684 0.5519347786903381 39
1740458832782 0.5519347786903381 40
1740458832883 0.5519347786903381 41
1740458832997 0.5519347786903381 42
1740458833112 0.5519347786903381 43
1740458833210 0.5519347786903381 44
1740458833298 0.5519347786903381 45
