1740458828996 1.945229172706604 0
1740458829079 1.726497769355774 1
1740458829179 1.5621627569198608 2
1740458829263 1.4298378229141235 3
1740458829363 1.3369598388671875 4
1740458829458 1.238511323928833 5
1740458829537 1.1559646129608154 6
1740458829635 1.1016497611999512 7
1740458829731 1.0409798622131348 8
1740458829812 0.9796811938285828 9
1740458829893 0.9517425894737244 10
1740458829991 0.8981678485870361 11
1740458830077 0.8698022365570068 12
1740458830165 0.8415066599845886 13
1740458830254 0.7955744862556458 14
1740458830353 0.7952418327331543 15
1740458830448 0.7672592997550964 16
1740458830547 0.7394245862960815 17
1740458830649 0.7333068251609802 18
1740458830757 0.71216881275177 19
1740458830864 0.6845694780349731 20
1740458830964 0.6818388104438782 21
1740458831059 0.660853922367096 22
1740458831150 0.6624560356140137 23
1740458831249 0.6582895517349243 24
1740458831352 0.647317111492157 25
1740458831428 0.6512246131896973 26
1740458831526 0.6329233646392822 27
1740458831616 0.6285234093666077 28
1740458831698 0.6292390823364258 29
1740458831816 0.625535786151886 30
1740458831906 0.6072652339935303 31
1740458831997 0.6106718182563782 32
1740458832108 0.6068404912948608 33
1740458832215 0.6090937852859497 34
1740458832316 0.5980902314186096 35
1740458832405 0.6046198010444641 36
1740458832492 0.6059868335723877 37
1740458832595 0.6110484600067139 38
1740458832684 0.5974394679069519 39
1740458832782 0.6096234917640686 40
1740458832883 0.6027423143386841 41
1740458832997 0.6000856757164001 42
1740458833112 0.6231653690338135 43
1740458833210 0.6098694801330566 44
1740458833298 0.6050122380256653 45
