1740458578166 0.8129395246505737 0
1740458578266 0.8143460154533386 1
1740458578367 0.8143460154533386 2
1740458578466 0.8171589374542236 3
1740458578583 0.8101266026496887 4
1740458578681 0.8143460154533386 5
1740458578768 0.8101266026496887 6
1740458578877 0.8129395246505737 7
1740458578976 0.8087201118469238 8
1740458579072 0.8185654282569885 9
1740458579180 0.8171589374542236 10
1740458579287 0.8157524466514587 11
1740458579397 0.8087201118469238 12
1740458579509 0.8199718594551086 13
1740458579617 0.8298171758651733 14
1740458579717 0.8157524466514587 15
1740458579844 0.8129395246505737 16
1740458579944 0.8227847814559937 17
1740458580050 0.800281286239624 18
1740458580154 0.8185654282569885 19
1740458580262 0.8129395246505737 20
1740458580370 0.8270041942596436 21
