1740458578166 0.5519347786903381 0
1740458578266 0.5519347786903381 1
1740458578367 0.5519347786903381 2
1740458578466 0.5519347786903381 3
1740458578583 0.5519347786903381 4
1740458578681 0.5519347786903381 5
1740458578768 0.5519347786903381 6
1740458578877 0.5519347786903381 7
1740458578976 0.5519347786903381 8
1740458579072 0.5519347786903381 9
1740458579180 0.5519347786903381 10
1740458579287 0.5519347786903381 11
1740458579397 0.5519347786903381 12
1740458579509 0.5519347786903381 13
1740458579617 0.5519347786903381 14
1740458579717 0.5519347786903381 15
1740458579844 0.5519347786903381 16
1740458579944 0.5519347786903381 17
1740458580050 0.5519347786903381 18
1740458580154 0.5519347786903381 19
1740458580262 0.5519347786903381 20
1740458580370 0.5519347786903381 21
