1740458578166 2.548119068145752 0
1740458578266 2.5478150844573975 1
1740458578367 2.53560733795166 2
1740458578466 2.5316545963287354 3
1740458578583 2.5324411392211914 4
1740458578681 2.5195236206054688 5
1740458578768 2.5197064876556396 6
1740458578877 2.5116958618164062 7
1740458578976 2.508585214614868 8
1740458579072 2.500657320022583 9
1740458579180 2.5002708435058594 10
1740458579287 2.4850194454193115 11
1740458579397 2.484823226928711 12
1740458579509 2.4849512577056885 13
1740458579617 2.465632677078247 14
1740458579717 2.4797749519348145 15
1740458579844 2.470851182937622 16
1740458579944 2.4603631496429443 17
1740458580050 2.457768440246582 18
1740458580154 2.452915668487549 19
1740458580262 2.444894552230835 20
1740458580370 2.445997476577759 21
