1740457689809 0.5519347786903381 0
1740457689931 0.5519347786903381 1
1740457690040 0.5519347786903381 2
1740457690142 0.5519347786903381 3
1740457690241 0.5519347786903381 4
1740457690341 0.5519347786903381 5
1740457690442 0.5519347786903381 6
1740457690545 0.5519347786903381 7
1740457690660 0.5519347786903381 8
1740457690770 0.5519347786903381 9
1740457690886 0.5519347786903381 10
1740457690994 0.5519347786903381 11
1740457691101 0.5519347786903381 12
1740457691209 0.5519347786903381 13
1740457691331 0.5519347786903381 14
1740457691428 0.5519347786903381 15
1740457691549 0.5519347786903381 16
1740457691657 0.5519347786903381 17
1740457691760 0.5519347786903381 18
1740457691877 0.5519347786903381 19
1740457691978 0.5519347786903381 20
1740457692092 0.5519347786903381 21
1740457692197 0.5519347786903381 22
1740457692307 0.5519347786903381 23
1740457692430 0.5519347786903381 24
1740457692530 0.5519347786903381 25
1740457692628 0.5519347786903381 26
1740457692752 0.5519347786903381 27
1740457692861 0.5519347786903381 28
1740457692962 0.5519347786903381 29
1740457693083 0.5519347786903381 30
1740457693195 0.5519347786903381 31
1740457693307 0.5519347786903381 32
1740457693414 0.5519347786903381 33
1740457693541 0.5519347786903381 34
1740457693657 0.5519347786903381 35
1740457693762 0.5519347786903381 36
1740457693861 0.5519347786903381 37
1740457693975 0.5519347786903381 38
1740457694079 0.5519347786903381 39
1740457694178 0.5519347786903381 40
1740457694278 0.5519347786903381 41
1740457694391 0.5519347786903381 42
1740457694495 0.5519347786903381 43
1740457694594 0.5519347786903381 44
1740457694695 0.5519347786903381 45
1740457694810 0.5519347786903381 46
1740457694911 0.5519347786903381 47
1740457695011 0.5519347786903381 48
1740457695130 0.5519347786903381 49
1740457695227 0.5519347786903381 50
1740457695330 0.5519347786903381 51
1740457695429 0.5519347786903381 52
1740457695548 0.5519347786903381 53
1740457695650 0.5519347786903381 54
1740457695758 0.5519347786903381 55
1740457695861 0.5519347786903381 56
1740457695963 0.5519347786903381 57
1740457696102 0.5519347786903381 58
1740457696228 0.5519347786903381 59
1740457696339 0.5519347786903381 60
1740457696443 0.5519347786903381 61
1740457696547 0.5519347786903381 62
1740457696643 0.5519347786903381 63
1740457696760 0.5519347786903381 64
1740457696862 0.5519347786903381 65
1740457696982 0.5519347786903381 66
1740457697094 0.5519347786903381 67
1740457697194 0.5519347786903381 68
1740457697293 0.5519347786903381 69
1740457697391 0.5519347786903381 70
1740457697494 0.5519347786903381 71
1740457697602 0.5519347786903381 72
1740457697707 0.5519347786903381 73
1740457697812 0.5519347786903381 74
1740457697928 0.5519347786903381 75
1740457698041 0.5519347786903381 76
1740457698145 0.5519347786903381 77
1740457698262 0.5519347786903381 78
1740457698376 0.5519347786903381 79
1740457698497 0.5519347786903381 80
1740457698608 0.5519347786903381 81
1740457698712 0.5519347786903381 82
1740457698841 0.5519347786903381 83
1740457698962 0.5519347786903381 84
1740457699074 0.5519347786903381 85
1740457699174 0.5519347786903381 86
1740457699276 0.5519347786903381 87
1740457699380 0.5519347786903381 88
1740457699480 0.5519347786903381 89
1740457699575 0.5519347786903381 90
1740457699677 0.5519347786903381 91
1740457699788 0.5519347786903381 92
1740457699897 0.5519347786903381 93
1740457700014 0.5519347786903381 94
1740457700108 0.5519347786903381 95
1740457700225 0.5519347786903381 96
1740457700328 0.5519347786903381 97
1740457700428 0.5519347786903381 98
1740457700524 0.5519347786903381 99
1740457700633 0.5519347786903381 100
1740457700741 0.5519347786903381 101
1740457700844 0.5519347786903381 102
1740457700973 0.5519347786903381 103
1740457701079 0.5519347786903381 104
1740457701179 0.5519347786903381 105
1740457701295 0.5519347786903381 106
1740457701412 0.5519347786903381 107
1740457701522 0.5519347786903381 108
1740457701628 0.5519347786903381 109
1740457701741 0.5519347786903381 110
1740457701847 0.5519347786903381 111
1740457701974 0.5519347786903381 112
1740457702094 0.5519347786903381 113
1740457702192 0.5519347786903381 114
1740457702314 0.5519347786903381 115
1740457702426 0.5519347786903381 116
1740457702530 0.5519347786903381 117
1740457702630 0.5519347786903381 118
1740457702746 0.5519347786903381 119
1740457702851 0.5519347786903381 120
1740457702961 0.5519347786903381 121
1740457703062 0.5519347786903381 122
1740457703178 0.5519347786903381 123
