1740457689809 33.130252838134766 0
1740457689931 30.5109806060791 1
1740457690040 28.05629539489746 2
1740457690142 25.76934814453125 3
1740457690241 23.64320182800293 4
1740457690341 21.674129486083984 5
1740457690442 19.858518600463867 6
1740457690545 18.184429168701172 7
1740457690660 16.642608642578125 8
1740457690770 15.22651481628418 9
1740457690886 13.92599868774414 10
1740457690994 12.732358932495117 11
1740457691101 11.636940956115723 12
1740457691209 10.63367748260498 13
1740457691331 9.718389511108398 14
1740457691428 8.877103805541992 15
1740457691549 8.108744621276855 16
1740457691657 7.400307655334473 17
1740457691760 6.757627964019775 18
1740457691877 6.173474311828613 19
1740457691978 5.640476226806641 20
1740457692092 5.1506829261779785 21
1740457692197 4.712995529174805 22
1740457692307 4.305769443511963 23
1740457692430 3.9410924911499023 24
1740457692530 3.6100287437438965 25
1740457692628 3.308195114135742 26
1740457692752 3.0326807498931885 27
1740457692861 2.789592981338501 28
1740457692962 2.564831018447876 29
1740457693083 2.362494468688965 30
1740457693195 2.1834089756011963 31
1740457693307 2.0186519622802734 32
1740457693414 1.871933102607727 33
1740457693541 1.7405853271484375 34
1740457693657 1.617527961730957 35
1740457693762 1.519087791442871 36
1740457693861 1.415746808052063 37
1740457693975 1.333625316619873 38
1740457694079 1.2584630250930786 39
1740457694178 1.1898728609085083 40
1740457694278 1.129313588142395 41
1740457694391 1.0775976181030273 42
1740457694495 1.0266127586364746 43
1740457694594 0.9875199794769287 44
1740457694695 0.9413563013076782 45
1740457694810 0.9068149328231812 46
1740457694911 0.881961464881897 47
1740457695011 0.8565261960029602 48
1740457695130 0.833275556564331 49
1740457695227 0.812565267086029 50
1740457695330 0.7935514450073242 51
1740457695429 0.7817391157150269 52
1740457695548 0.7612634301185608 53
1740457695650 0.7504545450210571 54
1740457695758 0.7405672073364258 55
1740457695861 0.7306739091873169 56
1740457695963 0.7233777046203613 57
1740457696102 0.7129334211349487 58
1740457696228 0.7112067341804504 59
1740457696339 0.6988186836242676 60
1740457696443 0.6961172819137573 61
1740457696547 0.6947526335716248 62
1740457696643 0.6908664703369141 63
1740457696760 0.6902362704277039 64
1740457696862 0.6839864253997803 65
1740457696982 0.679460883140564 66
1740457697094 0.6813965439796448 67
1740457697194 0.6773476004600525 68
1740457697293 0.6759806275367737 69
1740457697391 0.6759365200996399 70
1740457697494 0.672758162021637 71
1740457697602 0.6713098287582397 72
1740457697707 0.6733893156051636 73
1740457697812 0.6694716811180115 74
1740457697928 0.6693758368492126 75
1740457698041 0.6679913997650146 76
1740457698145 0.6679582595825195 77
1740457698262 0.6715505719184875 78
1740457698376 0.6720887422561646 79
1740457698497 0.6661021709442139 80
1740457698608 0.6693524122238159 81
1740457698712 0.6679368019104004 82
1740457698841 0.6706172823905945 83
1740457698962 0.6673290729522705 84
1740457699074 0.6670643091201782 85
1740457699174 0.6670600175857544 86
1740457699276 0.6649559736251831 87
1740457699380 0.6671626567840576 88
1740457699480 0.6669448614120483 89
1740457699575 0.6669310927391052 90
1740457699677 0.6672690510749817 91
1740457699788 0.667100727558136 92
1740457699897 0.6673499345779419 93
1740457700014 0.6654856204986572 94
1740457700108 0.6644958257675171 95
1740457700225 0.6670708060264587 96
1740457700328 0.6656798720359802 97
1740457700428 0.6684635877609253 98
1740457700524 0.6668373942375183 99
1740457700633 0.6671278476715088 100
1740457700741 0.6656748652458191 101
1740457700844 0.6640243530273438 102
1740457700973 0.6668896675109863 103
1740457701079 0.6658405065536499 104
1740457701179 0.6669537425041199 105
1740457701295 0.6636119484901428 106
1740457701412 0.6658037304878235 107
1740457701522 0.6677775979042053 108
1740457701628 0.6683953404426575 109
1740457701741 0.6693976521492004 110
1740457701847 0.6637623310089111 111
1740457701974 0.6662198305130005 112
1740457702094 0.6661868691444397 113
1740457702192 0.666231632232666 114
1740457702314 0.663952112197876 115
1740457702426 0.6664736270904541 116
1740457702530 0.6674799919128418 117
1740457702630 0.6682283878326416 118
1740457702746 0.6654719114303589 119
1740457702851 0.663888156414032 120
1740457702961 0.6634542346000671 121
1740457703062 0.6678610444068909 122
1740457703178 0.6675738096237183 123
