1740457027826 0.5344585180282593 0
1740457027946 0.6244725584983826 1
1740457028083 0.6202531456947327 2
1740457028226 0.6188467144966125 3
1740457028353 0.6202531456947327 4
1740457028494 0.6230661273002625 5
1740457028607 0.6216596364974976 6
1740457028736 0.6216596364974976 7
1740457028856 0.6286919713020325 8
1740457028973 0.6357243061065674 9
1740457029077 0.6624472737312317 10
1740457029181 0.7285513281822205 11
1740457029295 0.7890295386314392 12
1740457029398 0.794655442237854 13
1740457029495 0.7904360294342041 14
1740457029612 0.7862166166305542 15
1740457029711 0.8045006990432739 16
1740457029829 0.8115330338478088 17
1740457029943 0.800281286239624 18
1740457030044 0.8143460154533386 19
1740457030164 0.8101266026496887 20
1740457030277 0.8227847814559937 21
1740457030412 0.8059071898460388 22
1740457030516 0.8143460154533386 23
1740457030637 0.8199718594551086 24
1740457030761 0.8171589374542236 25
1740457030876 0.8298171758651733 26
1740457031000 0.8101266026496887 27
1740457031116 0.8241912722587585 28
1740457031226 0.8171589374542236 29
1740457031344 0.8213783502578735 30
1740457031475 0.8157524466514587 31
1740457031610 0.8059071898460388 32
1740457031711 0.8143460154533386 33
1740457031831 0.8227847814559937 34
1740457032326 0.8326300978660583 35
1740457032449 0.8101266026496887 36
1740457032558 0.8185654282569885 37
1740457032679 0.8073136210441589 38
1740457032792 0.8199718594551086 39
1740457032895 0.8213783502578735 40
1740457033027 0.8270041942596436 41
1740457033129 0.8340365886688232 42
1740457033245 0.8368495106697083 43
1740457033362 0.8298171758651733 44
1740457033496 0.8143460154533386 45
1740457033621 0.8284106850624084 46
1740457033756 0.8241912722587585 47
1740457033885 0.8326300978660583 48
1740457034020 0.8452883362770081 49
1740457034145 0.8312236070632935 50
1740457034262 0.8340365886688232 51
1740457034393 0.8241912722587585 52
1740457034531 0.8213783502578735 53
1740457034647 0.8438818454742432 54
1740457034765 0.8270041942596436 55
1740457034876 0.8298171758651733 56
1740457034981 0.8298171758651733 57
1740457035095 0.8382560014724731 58
1740457035204 0.8270041942596436 59
1740457035312 0.8382560014724731 60
1740457035412 0.8382560014724731 61
1740457035533 0.8312236070632935 62
1740457035647 0.8382560014724731 63
1740457035762 0.8438818454742432 64
1740457035860 0.8466947674751282 65
1740457035978 0.8312236070632935 66
1740457036093 0.8340365886688232 67
1740457036208 0.8382560014724731 68
1740457036311 0.8270041942596436 69
1740457036412 0.8255977630615234 70
1740457036527 0.8354430198669434 71
1740457036630 0.8340365886688232 72
1740457036746 0.8368495106697083 73
1740457036845 0.8227847814559937 74
1740457036962 0.8284106850624084 75
1740457037095 0.8326300978660583 76
1740457037213 0.8438818454742432 77
1740457037326 0.8340365886688232 78
1740457037451 0.8284106850624084 79
1740457037562 0.842475414276123 80
1740457037678 0.8382560014724731 81
1740457037787 0.8298171758651733 82
1740457037897 0.8396624326705933 83
1740457038012 0.8368495106697083 84
1740457038122 0.8354430198669434 85
1740457038231 0.8368495106697083 86
1740457038344 0.8410689234733582 87
1740457038449 0.8382560014724731 88
1740457038567 0.8354430198669434 89
1740457038680 0.8354430198669434 90
1740457038795 0.8340365886688232 91
1740457038896 0.8368495106697083 92
1740457039011 0.8466947674751282 93
1740457039127 0.8382560014724731 94
1740457039241 0.8241912722587585 95
1740457039372 0.8340365886688232 96
1740457039479 0.8382560014724731 97
1740457039598 0.8340365886688232 98
1740457039707 0.8340365886688232 99
1740457039826 0.8326300978660583 100
1740457039934 0.8312236070632935 101
1740457040045 0.8326300978660583 102
1740457040157 0.842475414276123 103
1740457040270 0.8410689234733582 104
1740457040378 0.849507749080658 105
1740457040477 0.8284106850624084 106
1740457040594 0.8368495106697083 107
1740457040708 0.8298171758651733 108
1740457040811 0.8382560014724731 109
1740457040928 0.8354430198669434 110
1740457041044 0.8410689234733582 111
1740457041159 0.8396624326705933 112
1740457041272 0.8326300978660583 113
1740457041378 0.8312236070632935 114
1740457041493 0.8382560014724731 115
1740457041608 0.8227847814559937 116
1740457041712 0.8270041942596436 117
1740457041827 0.8185654282569885 118
1740457041941 0.8481012582778931 119
1740457042060 0.8382560014724731 120
1740457042175 0.8255977630615234 121
1740457042291 0.8270041942596436 122
1740457042414 0.8396624326705933 123
1740457042545 0.8270041942596436 124
1740457042666 0.8466947674751282 125
1740457042788 0.8270041942596436 126
1740457042924 0.8213783502578735 127
1740457043029 0.8396624326705933 128
1740457043128 0.8481012582778931 129
1740457043266 0.8354430198669434 130
1740457043385 0.842475414276123 131
1740457043493 0.8410689234733582 132
