1740457027826 0.5519347786903381 0
1740457027946 0.5519347786903381 1
1740457028083 0.5519347786903381 2
1740457028226 0.5519347786903381 3
1740457028353 0.5519347786903381 4
1740457028494 0.5519347786903381 5
1740457028607 0.5519347786903381 6
1740457028736 0.5519347786903381 7
1740457028856 0.5519347786903381 8
1740457028973 0.5519347786903381 9
1740457029077 0.5519347786903381 10
1740457029181 0.5519347786903381 11
1740457029295 0.5519347786903381 12
1740457029398 0.5519347786903381 13
1740457029495 0.5519347786903381 14
1740457029612 0.5519347786903381 15
1740457029711 0.5519347786903381 16
1740457029829 0.5519347786903381 17
1740457029943 0.5519347786903381 18
1740457030044 0.5519347786903381 19
1740457030164 0.5519347786903381 20
1740457030277 0.5519347786903381 21
1740457030412 0.5519347786903381 22
1740457030516 0.5519347786903381 23
1740457030637 0.5519347786903381 24
1740457030761 0.5519347786903381 25
1740457030876 0.5519347786903381 26
1740457031000 0.5519347786903381 27
1740457031116 0.5519347786903381 28
1740457031226 0.5519347786903381 29
1740457031344 0.5519347786903381 30
1740457031475 0.5519347786903381 31
1740457031610 0.5519347786903381 32
1740457031711 0.5519347786903381 33
1740457031831 0.5519347786903381 34
1740457032326 0.5519347786903381 35
1740457032449 0.5519347786903381 36
1740457032558 0.5519347786903381 37
1740457032679 0.5519347786903381 38
1740457032792 0.5519347786903381 39
1740457032895 0.5519347786903381 40
1740457033027 0.5519347786903381 41
1740457033129 0.5519347786903381 42
1740457033245 0.5519347786903381 43
1740457033362 0.5519347786903381 44
1740457033496 0.5519347786903381 45
1740457033621 0.5519347786903381 46
1740457033756 0.5519347786903381 47
1740457033885 0.5519347786903381 48
1740457034020 0.5519347786903381 49
1740457034145 0.5519347786903381 50
1740457034262 0.5519347786903381 51
1740457034393 0.5519347786903381 52
1740457034531 0.5519347786903381 53
1740457034647 0.5519347786903381 54
1740457034765 0.5519347786903381 55
1740457034876 0.5519347786903381 56
1740457034981 0.5519347786903381 57
1740457035095 0.5519347786903381 58
1740457035204 0.5519347786903381 59
1740457035312 0.5519347786903381 60
1740457035412 0.5519347786903381 61
1740457035533 0.5519347786903381 62
1740457035647 0.5519347786903381 63
1740457035762 0.5519347786903381 64
1740457035860 0.5519347786903381 65
1740457035978 0.5519347786903381 66
1740457036093 0.5519347786903381 67
1740457036208 0.5519347786903381 68
1740457036311 0.5519347786903381 69
1740457036412 0.5519347786903381 70
1740457036527 0.5519347786903381 71
1740457036630 0.5519347786903381 72
1740457036746 0.5519347786903381 73
1740457036845 0.5519347786903381 74
1740457036962 0.5519347786903381 75
1740457037095 0.5519347786903381 76
1740457037213 0.5519347786903381 77
1740457037326 0.5519347786903381 78
1740457037451 0.5519347786903381 79
1740457037562 0.5519347786903381 80
1740457037678 0.5519347786903381 81
1740457037787 0.5519347786903381 82
1740457037897 0.5519347786903381 83
1740457038012 0.5519347786903381 84
1740457038122 0.5519347786903381 85
1740457038231 0.5519347786903381 86
1740457038344 0.5519347786903381 87
1740457038449 0.5519347786903381 88
1740457038567 0.5519347786903381 89
1740457038680 0.5519347786903381 90
1740457038795 0.5519347786903381 91
1740457038896 0.5519347786903381 92
1740457039011 0.5519347786903381 93
1740457039127 0.5519347786903381 94
1740457039241 0.5519347786903381 95
1740457039372 0.5519347786903381 96
1740457039479 0.5519347786903381 97
1740457039598 0.5519347786903381 98
1740457039707 0.5519347786903381 99
1740457039826 0.5519347786903381 100
1740457039934 0.5519347786903381 101
1740457040045 0.5519347786903381 102
1740457040157 0.5519347786903381 103
1740457040270 0.5519347786903381 104
1740457040378 0.5519347786903381 105
1740457040477 0.5519347786903381 106
1740457040594 0.5519347786903381 107
1740457040708 0.5519347786903381 108
1740457040811 0.5519347786903381 109
1740457040928 0.5519347786903381 110
1740457041044 0.5519347786903381 111
1740457041159 0.5519347786903381 112
1740457041272 0.5519347786903381 113
1740457041378 0.5519347786903381 114
1740457041493 0.5519347786903381 115
1740457041608 0.5519347786903381 116
1740457041712 0.5519347786903381 117
1740457041827 0.5519347786903381 118
1740457041941 0.5519347786903381 119
1740457042060 0.5519347786903381 120
1740457042175 0.5519347786903381 121
1740457042291 0.5519347786903381 122
1740457042414 0.5519347786903381 123
1740457042545 0.5519347786903381 124
1740457042666 0.5519347786903381 125
1740457042788 0.5519347786903381 126
1740457042924 0.5519347786903381 127
1740457043029 0.5519347786903381 128
1740457043128 0.5519347786903381 129
1740457043266 0.5519347786903381 130
1740457043385 0.5519347786903381 131
1740457043493 0.5519347786903381 132
