1740457027826 3.9551873207092285 0
1740457027946 3.6972389221191406 1
1740457028083 3.453778028488159 2
1740457028226 3.2265408039093018 3
1740457028353 3.012350559234619 4
1740457028494 2.8137543201446533 5
1740457028607 2.625704765319824 6
1740457028736 2.4550728797912598 7
1740457028856 2.285982131958008 8
1740457028973 2.133220911026001 9
1740457029077 1.9925514459609985 10
1740457029181 1.856380581855774 11
1740457029295 1.7335342168807983 12
1740457029398 1.6184988021850586 13
1740457029495 1.5292797088623047 14
1740457029612 1.4341440200805664 15
1740457029711 1.3515856266021729 16
1740457029829 1.2703953981399536 17
1740457029943 1.1978812217712402 18
1740457030044 1.1349916458129883 19
1740457030164 1.085741400718689 20
1740457030277 1.0453065633773804 21
1740457030412 1.00218665599823 22
1740457030516 0.9556904435157776 23
1740457030637 0.906610906124115 24
1740457030761 0.8963649868965149 25
1740457030876 0.8457719683647156 26
1740457031000 0.8281667232513428 27
1740457031116 0.7941107153892517 28
1740457031226 0.7769630551338196 29
1740457031344 0.7424934506416321 30
1740457031475 0.7235280871391296 31
1740457031610 0.714881956577301 32
1740457031711 0.7047353386878967 33
1740457031831 0.6778607964515686 34
1740457032326 0.6754347681999207 35
1740457032449 0.6563845276832581 36
1740457032558 0.6329659223556519 37
1740457032679 0.6316085457801819 38
1740457032792 0.6188415288925171 39
1740457032895 0.6180104613304138 40
1740457033027 0.620290994644165 41
1740457033129 0.5908289551734924 42
1740457033245 0.5901543498039246 43
1740457033362 0.5953986048698425 44
1740457033496 0.5829347372055054 45
1740457033621 0.5670993328094482 46
1740457033756 0.5766879320144653 47
1740457033885 0.5687713623046875 48
1740457034020 0.586762011051178 49
1740457034145 0.5532829761505127 50
1740457034262 0.5556613802909851 51
1740457034393 0.5656740665435791 52
1740457034531 0.5431256890296936 53
1740457034647 0.5388435125350952 54
1740457034765 0.5411006808280945 55
1740457034876 0.5500210523605347 56
1740457034981 0.5414994359016418 57
1740457035095 0.5357664823532104 58
1740457035204 0.5516992211341858 59
1740457035312 0.5478164553642273 60
1740457035412 0.5421402454376221 61
1740457035533 0.5466036200523376 62
1740457035647 0.5358185172080994 63
1740457035762 0.5239144563674927 64
1740457035860 0.5321235656738281 65
1740457035978 0.5398008227348328 66
1740457036093 0.5278054475784302 67
1740457036208 0.5387742519378662 68
1740457036311 0.5361759662628174 69
1740457036412 0.5163540840148926 70
1740457036527 0.5170652270317078 71
1740457036630 0.5276162028312683 72
1740457036746 0.5297031402587891 73
1740457036845 0.5347915887832642 74
1740457036962 0.5320760607719421 75
1740457037095 0.524406373500824 76
1740457037213 0.5145754814147949 77
1740457037326 0.518930196762085 78
1740457037451 0.5043872594833374 79
1740457037562 0.5263723731040955 80
1740457037678 0.5022307634353638 81
1740457037787 0.5351057648658752 82
1740457037897 0.5110663175582886 83
1740457038012 0.5241749286651611 84
1740457038122 0.5014640092849731 85
1740457038231 0.5126698613166809 86
1740457038344 0.5241972804069519 87
1740457038449 0.509344756603241 88
1740457038567 0.5101667046546936 89
1740457038680 0.5211246013641357 90
1740457038795 0.5059003829956055 91
1740457038896 0.5111352801322937 92
1740457039011 0.5213428139686584 93
1740457039127 0.5122212171554565 94
1740457039241 0.5250148773193359 95
1740457039372 0.5120373964309692 96
1740457039479 0.5213890075683594 97
1740457039598 0.5176487565040588 98
1740457039707 0.5221831202507019 99
1740457039826 0.5078344345092773 100
1740457039934 0.5213355422019958 101
1740457040045 0.5094349384307861 102
1740457040157 0.5232760906219482 103
1740457040270 0.5111302733421326 104
1740457040378 0.5142452716827393 105
1740457040477 0.5147212147712708 106
1740457040594 0.5126641988754272 107
1740457040708 0.51284259557724 108
1740457040811 0.5046377182006836 109
1740457040928 0.5099532008171082 110
1740457041044 0.5014257431030273 111
1740457041159 0.5198621153831482 112
1740457041272 0.5073943734169006 113
1740457041378 0.5218609571456909 114
1740457041493 0.5032520890235901 115
1740457041608 0.5060227513313293 116
1740457041712 0.5122395157814026 117
1740457041827 0.523557722568512 118
1740457041941 0.505806565284729 119
1740457042060 0.5101478099822998 120
1740457042175 0.5130786299705505 121
1740457042291 0.5181975364685059 122
1740457042414 0.5050052404403687 123
1740457042545 0.5231031775474548 124
1740457042666 0.5060576796531677 125
1740457042788 0.5125857591629028 126
1740457042924 0.508156955242157 127
1740457043029 0.49628809094429016 128
1740457043128 0.4963776767253876 129
1740457043266 0.5046093463897705 130
1740457043385 0.4909125566482544 131
1740457043493 0.5020175576210022 132
