1740455624877 0.5400843620300293 0
1740455624984 0.6188467144966125 1
1740455625090 0.6441631317138672 2
1740455625182 0.6568213701248169 3
1740455625290 0.655414879322052 4
1740455625398 0.697609007358551 5
1740455625503 0.7088607549667358 6
1740455625608 0.7158930897712708 7
1740455625703 0.7426160573959351 8
1740455625813 0.7834036350250244 9
1740455625920 0.7693389654159546 10
1740455626023 0.7988747954368591 11
1740455626130 0.7918424606323242 12
1740455626237 0.8016877770423889 13
1740455626368 0.7932489514350891 14
1740455626467 0.8143460154533386 15
1740455626570 0.8129395246505737 16
1740455626689 0.8255977630615234 17
1740455626801 0.8087201118469238 18
1740455626902 0.8115330338478088 19
1740455627004 0.8241912722587585 20
1740455627120 0.8199718594551086 21
1740455627234 0.8255977630615234 22
1740455627337 0.8157524466514587 23
1740455627457 0.8199718594551086 24
1740455627554 0.8312236070632935 25
1740455627650 0.8241912722587585 26
1740455627756 0.8227847814559937 27
1740455627857 0.8241912722587585 28
1740455627953 0.8312236070632935 29
1740455628071 0.8340365886688232 30
1740455628169 0.8255977630615234 31
1740455628264 0.8312236070632935 32
1740455628370 0.8396624326705933 33
1740455628472 0.8270041942596436 34
1740455628579 0.8199718594551086 35
1740455628684 0.8326300978660583 36
1740455628789 0.8354430198669434 37
1740455628886 0.8227847814559937 38
1740455629003 0.8284106850624084 39
1740455629101 0.8298171758651733 40
1740455629215 0.8452883362770081 41
1740455629321 0.8326300978660583 42
1740455629418 0.8368495106697083 43
1740455629519 0.8340365886688232 44
1740455629602 0.8382560014724731 45
1740455629722 0.8438818454742432 46
1740455629821 0.8368495106697083 47
1740455629940 0.8227847814559937 48
1740455630068 0.8396624326705933 49
1740455630202 0.8312236070632935 50
1740455630321 0.842475414276123 51
1740455630435 0.8354430198669434 52
1740455630535 0.8227847814559937 53
1740455630635 0.8382560014724731 54
1740455630745 0.8452883362770081 55
1740455630847 0.8312236070632935 56
1740455630948 0.8368495106697083 57
1740455631046 0.8312236070632935 58
1740455631134 0.8284106850624084 59
1740455631238 0.8396624326705933 60
1740455631333 0.8410689234733582 61
1740455631436 0.8326300978660583 62
