1740455624877 0.5519347786903381 0
1740455624984 0.5519347786903381 1
1740455625090 0.5519347786903381 2
1740455625182 0.5519347786903381 3
1740455625290 0.5519347786903381 4
1740455625398 0.5519347786903381 5
1740455625503 0.5519347786903381 6
1740455625608 0.5519347786903381 7
1740455625703 0.5519347786903381 8
1740455625813 0.5519347786903381 9
1740455625920 0.5519347786903381 10
1740455626023 0.5519347786903381 11
1740455626130 0.5519347786903381 12
1740455626237 0.5519347786903381 13
1740455626368 0.5519347786903381 14
1740455626467 0.5519347786903381 15
1740455626570 0.5519347786903381 16
1740455626689 0.5519347786903381 17
1740455626801 0.5519347786903381 18
1740455626902 0.5519347786903381 19
1740455627004 0.5519347786903381 20
1740455627120 0.5519347786903381 21
1740455627234 0.5519347786903381 22
1740455627337 0.5519347786903381 23
1740455627457 0.5519347786903381 24
1740455627554 0.5519347786903381 25
1740455627650 0.5519347786903381 26
1740455627756 0.5519347786903381 27
1740455627857 0.5519347786903381 28
1740455627953 0.5519347786903381 29
1740455628071 0.5519347786903381 30
1740455628169 0.5519347786903381 31
1740455628264 0.5519347786903381 32
1740455628370 0.5519347786903381 33
1740455628472 0.5519347786903381 34
1740455628579 0.5519347786903381 35
1740455628684 0.5519347786903381 36
1740455628789 0.5519347786903381 37
1740455628886 0.5519347786903381 38
1740455629003 0.5519347786903381 39
1740455629101 0.5519347786903381 40
1740455629215 0.5519347786903381 41
1740455629321 0.5519347786903381 42
1740455629418 0.5519347786903381 43
1740455629519 0.5519347786903381 44
1740455629602 0.5519347786903381 45
1740455629722 0.5519347786903381 46
1740455629821 0.5519347786903381 47
1740455629940 0.5519347786903381 48
1740455630068 0.5519347786903381 49
1740455630202 0.5519347786903381 50
1740455630321 0.5519347786903381 51
1740455630435 0.5519347786903381 52
1740455630535 0.5519347786903381 53
1740455630635 0.5519347786903381 54
1740455630745 0.5519347786903381 55
1740455630847 0.5519347786903381 56
1740455630948 0.5519347786903381 57
1740455631046 0.5519347786903381 58
1740455631134 0.5519347786903381 59
1740455631238 0.5519347786903381 60
1740455631333 0.5519347786903381 61
1740455631436 0.5519347786903381 62
