1740455624877 3.9142377376556396 0
1740455624984 3.6580750942230225 1
1740455625090 3.4206743240356445 2
1740455625182 3.193124771118164 3
1740455625290 2.9797146320343018 4
1740455625398 2.77821946144104 5
1740455625503 2.5923032760620117 6
1740455625608 2.42012619972229 7
1740455625703 2.248441457748413 8
1740455625813 2.0984113216400146 9
1740455625920 1.9664247035980225 10
1740455626023 1.8384631872177124 11
1740455626130 1.7187597751617432 12
1740455626237 1.6257264614105225 13
1740455626368 1.5522180795669556 14
1740455626467 1.4512736797332764 15
1740455626570 1.353546142578125 16
1740455626689 1.3120331764221191 17
1740455626801 1.2261903285980225 18
1740455626902 1.1635240316390991 19
1740455627004 1.1204571723937988 20
1740455627120 1.0679924488067627 21
1740455627234 1.0305992364883423 22
1740455627337 0.9954811930656433 23
1740455627457 0.9493591785430908 24
1740455627554 0.9117398262023926 25
1740455627650 0.8899286389350891 26
1740455627756 0.8385829329490662 27
1740455627857 0.8027140498161316 28
1740455627953 0.8080872893333435 29
1740455628071 0.7648947834968567 30
1740455628169 0.7442952394485474 31
1740455628264 0.7271394729614258 32
1740455628370 0.7196271419525146 33
1740455628472 0.6936613917350769 34
1740455628579 0.7011526226997375 35
1740455628684 0.6651061773300171 36
1740455628789 0.6619951128959656 37
1740455628886 0.6594817638397217 38
1740455629003 0.6431972980499268 39
1740455629101 0.6329665184020996 40
1740455629215 0.6141549944877625 41
1740455629321 0.6299460530281067 42
1740455629418 0.6344401240348816 43
1740455629519 0.6093704700469971 44
1740455629602 0.5859805345535278 45
1740455629722 0.6007785797119141 46
1740455629821 0.5892111659049988 47
1740455629940 0.5879095196723938 48
1740455630068 0.5738602876663208 49
1740455630202 0.582278847694397 50
1740455630321 0.580270528793335 51
1740455630435 0.5708959698677063 52
1740455630535 0.5747886300086975 53
1740455630635 0.565506100654602 54
1740455630745 0.5708227157592773 55
1740455630847 0.5510035157203674 56
1740455630948 0.5668497681617737 57
1740455631046 0.5481981039047241 58
1740455631134 0.5620018243789673 59
1740455631238 0.5540077686309814 60
1740455631333 0.5335100293159485 61
1740455631436 0.5507689118385315 62
