1740452851844 0.5175808668136597 0
1740452851976 0.6061884760856628 1
1740452852093 0.6329113841056824 2
1740452852214 0.6343178749084473 3
1740452852358 0.6441631317138672 4
1740452852464 0.6427567005157471 5
1740452852565 0.6511955261230469 6
1740452852674 0.6568213701248169 7
1740452852776 0.6722925305366516 8
1740452852880 0.6990154981613159 9
1740452852976 0.75527423620224 10
1740452853075 0.7609001398086548 11
1740452853193 0.7890295386314392 12
1740452853296 0.797468364238739 13
1740452853399 0.797468364238739 14
1740452853509 0.8143460154533386 15
1740452853625 0.8185654282569885 16
1740452853729 0.8087201118469238 17
1740452853833 0.8270041942596436 18
1740452853943 0.8312236070632935 19
1740452854048 0.8129395246505737 20
1740452854154 0.8255977630615234 21
1740452854261 0.8143460154533386 22
1740452854359 0.8213783502578735 23
1740452854463 0.8255977630615234 24
1740452854579 0.8255977630615234 25
1740452854678 0.8213783502578735 26
1740452854800 0.8213783502578735 27
1740452854909 0.8213783502578735 28
1740452855014 0.8312236070632935 29
1740452855132 0.8284106850624084 30
1740452855245 0.8284106850624084 31
1740452855359 0.8368495106697083 32
1740452855466 0.8340365886688232 33
1740452855572 0.8227847814559937 34
1740452855677 0.8312236070632935 35
1740452855807 0.8284106850624084 36
1740452855925 0.8270041942596436 37
1740452856028 0.8298171758651733 38
1740452856125 0.8326300978660583 39
1740452856232 0.8312236070632935 40
1740452856343 0.8354430198669434 41
1740452856442 0.8312236070632935 42
1740452856542 0.8396624326705933 43
1740452856646 0.8270041942596436 44
1740452856754 0.8312236070632935 45
1740452856857 0.8227847814559937 46
1740452856959 0.8241912722587585 47
1740452857058 0.8452883362770081 48
1740452857159 0.8368495106697083 49
1740452857258 0.8255977630615234 50
1740452857358 0.8340365886688232 51
1740452857461 0.8438818454742432 52
1740452857557 0.8340365886688232 53
1740452857662 0.8298171758651733 54
1740452857756 0.8284106850624084 55
1740452857862 0.8312236070632935 56
1740452857977 0.8354430198669434 57
1740452858076 0.8368495106697083 58
1740452858194 0.8354430198669434 59
1740452858290 0.8241912722587585 60
1740452858411 0.8354430198669434 61
1740452858511 0.8270041942596436 62
1740452858606 0.842475414276123 63
1740452858713 0.8326300978660583 64
1740452858825 0.8452883362770081 65
1740452858925 0.8241912722587585 66
1740452859063 0.8171589374542236 67
1740452859161 0.8298171758651733 68
1740452859261 0.8326300978660583 69
1740452859362 0.8368495106697083 70
1740452859461 0.8382560014724731 71
1740452859577 0.8368495106697083 72
1740452859683 0.8354430198669434 73
1740452859779 0.8340365886688232 74
1740452859895 0.8382560014724731 75
1740452859997 0.8340365886688232 76
1740452860094 0.8382560014724731 77
1740452860192 0.8312236070632935 78
1740452860311 0.8354430198669434 79
1740452860406 0.8284106850624084 80
1740452860513 0.849507749080658 81
1740452860629 0.8368495106697083 82
1740452860728 0.8354430198669434 83
1740452860844 0.8368495106697083 84
1740452860942 0.8284106850624084 85
1740452861046 0.8396624326705933 86
1740452861161 0.8255977630615234 87
1740452861281 0.8298171758651733 88
1740452861392 0.8368495106697083 89
1740452861507 0.8241912722587585 90
1740452861609 0.8382560014724731 91
1740452861744 0.8382560014724731 92
1740452861842 0.8382560014724731 93
1740452861960 0.8410689234733582 94
1740452862061 0.8199718594551086 95
1740452862156 0.8312236070632935 96
1740452862262 0.8410689234733582 97
1740452862375 0.8312236070632935 98
1740452862478 0.8326300978660583 99
1740452862591 0.8481012582778931 100
1740452862691 0.8312236070632935 101
1740452862812 0.8326300978660583 102
1740452862928 0.8312236070632935 103
1740452863048 0.8382560014724731 104
1740452863154 0.8284106850624084 105
1740452863262 0.8466947674751282 106
1740452863384 0.8284106850624084 107
1740452863508 0.8354430198669434 108
1740452863630 0.8466947674751282 109
1740452863752 0.8298171758651733 110
1740452863873 0.8438818454742432 111
1740452863975 0.8241912722587585 112
1740452864098 0.842475414276123 113
1740452864213 0.8298171758651733 114
1740452864333 0.8368495106697083 115
1740452864446 0.8396624326705933 116
1740452864563 0.8354430198669434 117
1740452864663 0.8312236070632935 118
1740452864777 0.8284106850624084 119
1740452864877 0.8382560014724731 120
1740452864995 0.8438818454742432 121
1740452865094 0.8284106850624084 122
1740452865213 0.842475414276123 123
1740452865313 0.8312236070632935 124
1740452865425 0.8340365886688232 125
1740452865542 0.842475414276123 126
1740452865646 0.8438818454742432 127
1740452865758 0.8452883362770081 128
1740452865863 0.8298171758651733 129
1740452865975 0.8410689234733582 130
1740452866105 0.8354430198669434 131
1740452866227 0.8438818454742432 132
1740452866331 0.8382560014724731 133
1740452866460 0.8312236070632935 134
1740452866564 0.8270041942596436 135
1740452866675 0.8396624326705933 136
1740452866779 0.842475414276123 137
1740452866891 0.8241912722587585 138
1740452866997 0.8157524466514587 139
1740452867113 0.8410689234733582 140
1740452867228 0.8368495106697083 141
1740452867327 0.8312236070632935 142
1740452867443 0.842475414276123 143
1740452867544 0.8396624326705933 144
1740452867658 0.8326300978660583 145
1740452867760 0.849507749080658 146
1740452867860 0.8354430198669434 147
1740452867977 0.8340365886688232 148
1740452868082 0.8410689234733582 149
1740452868193 0.842475414276123 150
1740452868308 0.8312236070632935 151
1740452868421 0.8438818454742432 152
1740452868529 0.8382560014724731 153
1740452868641 0.842475414276123 154
1740452868758 0.8340365886688232 155
1740452868863 0.8382560014724731 156
1740452868987 0.852320671081543 157
1740452869091 0.8410689234733582 158
1740452869219 0.8270041942596436 159
1740452869349 0.842475414276123 160
1740452869462 0.8255977630615234 161
1740452869579 0.8326300978660583 162
1740452869695 0.8354430198669434 163
1740452869813 0.8354430198669434 164
1740452869928 0.8368495106697083 165
1740452870041 0.8298171758651733 166
1740452870160 0.855133593082428 167
1740452870274 0.8438818454742432 168
1740452870374 0.8382560014724731 169
1740452870496 0.8410689234733582 170
1740452870597 0.8368495106697083 171
1740452870713 0.8312236070632935 172
1740452870824 0.8438818454742432 173
1740452870925 0.8326300978660583 174
1740452871026 0.8382560014724731 175
1740452871141 0.842475414276123 176
1740452871250 0.8326300978660583 177
1740452871374 0.8382560014724731 178
1740452871495 0.8368495106697083 179
1740452871625 0.8354430198669434 180
1740452871765 0.8312236070632935 181
1740452871885 0.8438818454742432 182
1740452871998 0.842475414276123 183
1740452872096 0.8354430198669434 184
1740452872223 0.8396624326705933 185
1740452872325 0.8382560014724731 186
1740452872460 0.8340365886688232 187
1740452872579 0.842475414276123 188
1740452872697 0.8312236070632935 189
1740452872807 0.8368495106697083 190
1740452872912 0.8382560014724731 191
1740452873018 0.8298171758651733 192
1740452873129 0.8340365886688232 193
1740452873243 0.8340365886688232 194
1740452873357 0.8382560014724731 195
1740452873458 0.8312236070632935 196
1740452873559 0.8241912722587585 197
1740452873674 0.8340365886688232 198
1740452873791 0.8284106850624084 199
