1740452851844 0.5519347786903381 0
1740452851976 0.5519347786903381 1
1740452852093 0.5519347786903381 2
1740452852214 0.5519347786903381 3
1740452852358 0.5519347786903381 4
1740452852464 0.5519347786903381 5
1740452852565 0.5519347786903381 6
1740452852674 0.5519347786903381 7
1740452852776 0.5519347786903381 8
1740452852880 0.5519347786903381 9
1740452852976 0.5519347786903381 10
1740452853075 0.5519347786903381 11
1740452853193 0.5519347786903381 12
1740452853296 0.5519347786903381 13
1740452853399 0.5519347786903381 14
1740452853509 0.5519347786903381 15
1740452853625 0.5519347786903381 16
1740452853729 0.5519347786903381 17
1740452853833 0.5519347786903381 18
1740452853943 0.5519347786903381 19
1740452854048 0.5519347786903381 20
1740452854154 0.5519347786903381 21
1740452854261 0.5519347786903381 22
1740452854359 0.5519347786903381 23
1740452854463 0.5519347786903381 24
1740452854579 0.5519347786903381 25
1740452854678 0.5519347786903381 26
1740452854800 0.5519347786903381 27
1740452854909 0.5519347786903381 28
1740452855014 0.5519347786903381 29
1740452855132 0.5519347786903381 30
1740452855245 0.5519347786903381 31
1740452855359 0.5519347786903381 32
1740452855466 0.5519347786903381 33
1740452855572 0.5519347786903381 34
1740452855677 0.5519347786903381 35
1740452855807 0.5519347786903381 36
1740452855925 0.5519347786903381 37
1740452856028 0.5519347786903381 38
1740452856125 0.5519347786903381 39
1740452856232 0.5519347786903381 40
1740452856343 0.5519347786903381 41
1740452856442 0.5519347786903381 42
1740452856542 0.5519347786903381 43
1740452856646 0.5519347786903381 44
1740452856754 0.5519347786903381 45
1740452856857 0.5519347786903381 46
1740452856959 0.5519347786903381 47
1740452857058 0.5519347786903381 48
1740452857159 0.5519347786903381 49
1740452857258 0.5519347786903381 50
1740452857358 0.5519347786903381 51
1740452857461 0.5519347786903381 52
1740452857557 0.5519347786903381 53
1740452857662 0.5519347786903381 54
1740452857756 0.5519347786903381 55
1740452857862 0.5519347786903381 56
1740452857977 0.5519347786903381 57
1740452858076 0.5519347786903381 58
1740452858194 0.5519347786903381 59
1740452858290 0.5519347786903381 60
1740452858411 0.5519347786903381 61
1740452858511 0.5519347786903381 62
1740452858606 0.5519347786903381 63
1740452858713 0.5519347786903381 64
1740452858825 0.5519347786903381 65
1740452858925 0.5519347786903381 66
1740452859063 0.5519347786903381 67
1740452859161 0.5519347786903381 68
1740452859261 0.5519347786903381 69
1740452859362 0.5519347786903381 70
1740452859461 0.5519347786903381 71
1740452859577 0.5519347786903381 72
1740452859683 0.5519347786903381 73
1740452859779 0.5519347786903381 74
1740452859895 0.5519347786903381 75
1740452859997 0.5519347786903381 76
1740452860094 0.5519347786903381 77
1740452860192 0.5519347786903381 78
1740452860311 0.5519347786903381 79
1740452860406 0.5519347786903381 80
1740452860513 0.5519347786903381 81
1740452860629 0.5519347786903381 82
1740452860728 0.5519347786903381 83
1740452860844 0.5519347786903381 84
1740452860942 0.5519347786903381 85
1740452861046 0.5519347786903381 86
1740452861161 0.5519347786903381 87
1740452861281 0.5519347786903381 88
1740452861392 0.5519347786903381 89
1740452861507 0.5519347786903381 90
1740452861609 0.5519347786903381 91
1740452861744 0.5519347786903381 92
1740452861842 0.5519347786903381 93
1740452861960 0.5519347786903381 94
1740452862061 0.5519347786903381 95
1740452862156 0.5519347786903381 96
1740452862262 0.5519347786903381 97
1740452862375 0.5519347786903381 98
1740452862478 0.5519347786903381 99
1740452862591 0.5519347786903381 100
1740452862691 0.5519347786903381 101
1740452862812 0.5519347786903381 102
1740452862928 0.5519347786903381 103
1740452863048 0.5519347786903381 104
1740452863154 0.5519347786903381 105
1740452863262 0.5519347786903381 106
1740452863384 0.5519347786903381 107
1740452863508 0.5519347786903381 108
1740452863630 0.5519347786903381 109
1740452863752 0.5519347786903381 110
1740452863873 0.5519347786903381 111
1740452863975 0.5519347786903381 112
1740452864098 0.5519347786903381 113
1740452864213 0.5519347786903381 114
1740452864333 0.5519347786903381 115
1740452864446 0.5519347786903381 116
1740452864563 0.5519347786903381 117
1740452864663 0.5519347786903381 118
1740452864777 0.5519347786903381 119
1740452864877 0.5519347786903381 120
1740452864995 0.5519347786903381 121
1740452865094 0.5519347786903381 122
1740452865213 0.5519347786903381 123
1740452865313 0.5519347786903381 124
1740452865425 0.5519347786903381 125
1740452865542 0.5519347786903381 126
1740452865646 0.5519347786903381 127
1740452865758 0.5519347786903381 128
1740452865863 0.5519347786903381 129
1740452865975 0.5519347786903381 130
1740452866105 0.5519347786903381 131
1740452866227 0.5519347786903381 132
1740452866331 0.5519347786903381 133
1740452866460 0.5519347786903381 134
1740452866564 0.5519347786903381 135
1740452866675 0.5519347786903381 136
1740452866779 0.5519347786903381 137
1740452866891 0.5519347786903381 138
1740452866997 0.5519347786903381 139
1740452867113 0.5519347786903381 140
1740452867228 0.5519347786903381 141
1740452867327 0.5519347786903381 142
1740452867443 0.5519347786903381 143
1740452867544 0.5519347786903381 144
1740452867658 0.5519347786903381 145
1740452867760 0.5519347786903381 146
1740452867860 0.5519347786903381 147
1740452867977 0.5519347786903381 148
1740452868082 0.5519347786903381 149
1740452868193 0.5519347786903381 150
1740452868308 0.5519347786903381 151
1740452868421 0.5519347786903381 152
1740452868529 0.5519347786903381 153
1740452868641 0.5519347786903381 154
1740452868758 0.5519347786903381 155
1740452868863 0.5519347786903381 156
1740452868987 0.5519347786903381 157
1740452869091 0.5519347786903381 158
1740452869219 0.5519347786903381 159
1740452869349 0.5519347786903381 160
1740452869462 0.5519347786903381 161
1740452869579 0.5519347786903381 162
1740452869695 0.5519347786903381 163
1740452869813 0.5519347786903381 164
1740452869928 0.5519347786903381 165
1740452870041 0.5519347786903381 166
1740452870160 0.5519347786903381 167
1740452870274 0.5519347786903381 168
1740452870374 0.5519347786903381 169
1740452870496 0.5519347786903381 170
1740452870597 0.5519347786903381 171
1740452870713 0.5519347786903381 172
1740452870824 0.5519347786903381 173
1740452870925 0.5519347786903381 174
1740452871026 0.5519347786903381 175
1740452871141 0.5519347786903381 176
1740452871250 0.5519347786903381 177
1740452871374 0.5519347786903381 178
1740452871495 0.5519347786903381 179
1740452871625 0.5519347786903381 180
1740452871765 0.5519347786903381 181
1740452871885 0.5519347786903381 182
1740452871998 0.5519347786903381 183
1740452872096 0.5519347786903381 184
1740452872223 0.5519347786903381 185
1740452872325 0.5519347786903381 186
1740452872460 0.5519347786903381 187
1740452872579 0.5519347786903381 188
1740452872697 0.5519347786903381 189
1740452872807 0.5519347786903381 190
1740452872912 0.5519347786903381 191
1740452873018 0.5519347786903381 192
1740452873129 0.5519347786903381 193
1740452873243 0.5519347786903381 194
1740452873357 0.5519347786903381 195
1740452873458 0.5519347786903381 196
1740452873559 0.5519347786903381 197
1740452873674 0.5519347786903381 198
1740452873791 0.5519347786903381 199
