1740452851844 3.9223058223724365 0
1740452851976 3.658740520477295 1
1740452852093 3.4189789295196533 2
1740452852214 3.1946356296539307 3
1740452852358 2.979116201400757 4
1740452852464 2.7813165187835693 5
1740452852565 2.5997817516326904 6
1740452852674 2.431462526321411 7
1740452852776 2.2686171531677246 8
1740452852880 2.1102514266967773 9
1740452852976 1.9630008935928345 10
1740452853075 1.8328611850738525 11
1740452853193 1.7030161619186401 12
1740452853296 1.5926845073699951 13
1740452853399 1.497209906578064 14
1740452853509 1.4056812524795532 15
1740452853625 1.325271487236023 16
1740452853729 1.2492294311523438 17
1740452853833 1.1887351274490356 18
1740452853943 1.1281636953353882 19
1740452854048 1.0776220560073853 20
1740452854154 1.0335029363632202 21
1740452854261 0.9923949241638184 22
1740452854359 0.9549553394317627 23
1740452854463 0.910556435585022 24
1740452854579 0.8543426394462585 25
1740452854678 0.8528475761413574 26
1740452854800 0.8154575824737549 27
1740452854909 0.7864179611206055 28
1740452855014 0.7687584757804871 29
1740452855132 0.7304814457893372 30
1740452855245 0.7165589928627014 31
1740452855359 0.71226567029953 32
1740452855466 0.6951602101325989 33
1740452855572 0.6771173477172852 34
1740452855677 0.6650612950325012 35
1740452855807 0.6274541616439819 36
1740452855925 0.6604723930358887 37
1740452856028 0.6395530700683594 38
1740452856125 0.630781352519989 39
1740452856232 0.6235343217849731 40
1740452856343 0.6030359864234924 41
1740452856442 0.5988637804985046 42
1740452856542 0.5892558097839355 43
1740452856646 0.5907949209213257 44
1740452856754 0.5803729295730591 45
1740452856857 0.5850899815559387 46
1740452856959 0.5789819955825806 47
1740452857058 0.5782030820846558 48
1740452857159 0.5686541795730591 49
1740452857258 0.5686321258544922 50
1740452857358 0.575998842716217 51
1740452857461 0.5564717650413513 52
1740452857557 0.5463948249816895 53
1740452857662 0.5443456172943115 54
1740452857756 0.5525004267692566 55
1740452857862 0.5450457334518433 56
1740452857977 0.5499835014343262 57
1740452858076 0.5504835844039917 58
1740452858194 0.5293349623680115 59
1740452858290 0.551037073135376 60
1740452858411 0.5511590242385864 61
1740452858511 0.5412153005599976 62
1740452858606 0.5332049131393433 63
1740452858713 0.5323861241340637 64
1740452858825 0.5239673256874084 65
1740452858925 0.540196418762207 66
1740452859063 0.5523644089698792 67
1740452859161 0.542023241519928 68
1740452859261 0.5299669504165649 69
1740452859362 0.5301896333694458 70
1740452859461 0.5288868546485901 71
1740452859577 0.530735969543457 72
1740452859683 0.5453709959983826 73
1740452859779 0.5275667309761047 74
1740452859895 0.539804995059967 75
1740452859997 0.5406724810600281 76
1740452860094 0.5341687798500061 77
1740452860192 0.534788191318512 78
1740452860311 0.5236524343490601 79
1740452860406 0.5193256735801697 80
1740452860513 0.5314405560493469 81
1740452860629 0.5235670208930969 82
1740452860728 0.532686710357666 83
1740452860844 0.5181710720062256 84
1740452860942 0.5205175876617432 85
1740452861046 0.5186835527420044 86
1740452861161 0.5264036059379578 87
1740452861281 0.5218108296394348 88
1740452861392 0.5189542770385742 89
1740452861507 0.5150760412216187 90
1740452861609 0.5180336833000183 91
1740452861744 0.5279698967933655 92
1740452861842 0.5163487792015076 93
1740452861960 0.5218716859817505 94
1740452862061 0.5307633280754089 95
1740452862156 0.5164949297904968 96
1740452862262 0.5229150056838989 97
1740452862375 0.5230778455734253 98
1740452862478 0.5257651209831238 99
1740452862591 0.5229126214981079 100
1740452862691 0.5123323798179626 101
1740452862812 0.5080700516700745 102
1740452862928 0.5141741037368774 103
1740452863048 0.5119004845619202 104
1740452863154 0.5180034637451172 105
1740452863262 0.49953943490982056 106
1740452863384 0.5183470249176025 107
1740452863508 0.5122756958007812 108
1740452863630 0.5122349858283997 109
1740452863752 0.5200541019439697 110
1740452863873 0.5123633742332458 111
1740452863975 0.5239116549491882 112
1740452864098 0.5162155628204346 113
1740452864213 0.5117833614349365 114
1740452864333 0.5103684067726135 115
1740452864446 0.5105735659599304 116
1740452864563 0.5153494477272034 117
1740452864663 0.5251269936561584 118
1740452864777 0.504718005657196 119
1740452864877 0.5079100131988525 120
1740452864995 0.4988844692707062 121
1740452865094 0.5061626434326172 122
1740452865213 0.5183655023574829 123
1740452865313 0.5161185264587402 124
1740452865425 0.5038447380065918 125
1740452865542 0.5292121171951294 126
1740452865646 0.5084336400032043 127
1740452865758 0.5053030252456665 128
1740452865863 0.5223492383956909 129
1740452865975 0.5193861126899719 130
1740452866105 0.4993930459022522 131
1740452866227 0.5072862505912781 132
1740452866331 0.5016477704048157 133
1740452866460 0.5063490867614746 134
1740452866564 0.5053806304931641 135
1740452866675 0.5151546001434326 136
1740452866779 0.49888667464256287 137
1740452866891 0.5099114179611206 138
1740452866997 0.529792308807373 139
1740452867113 0.511378824710846 140
1740452867228 0.5202787518501282 141
1740452867327 0.5171604156494141 142
1740452867443 0.5073784589767456 143
1740452867544 0.5046036243438721 144
1740452867658 0.5026177167892456 145
1740452867760 0.5008925199508667 146
1740452867860 0.5038716197013855 147
1740452867977 0.5166631937026978 148
1740452868082 0.498518168926239 149
1740452868193 0.4931561350822449 150
1740452868308 0.5210803747177124 151
1740452868421 0.5125012397766113 152
1740452868529 0.4912157952785492 153
1740452868641 0.5074900388717651 154
1740452868758 0.5067384243011475 155
1740452868863 0.5069687962532043 156
1740452868987 0.4995063841342926 157
1740452869091 0.5171462297439575 158
1740452869219 0.5246757864952087 159
1740452869349 0.5117302536964417 160
1740452869462 0.5116682052612305 161
1740452869579 0.508251428604126 162
1740452869695 0.49209868907928467 163
1740452869813 0.5150626301765442 164
1740452869928 0.5143004059791565 165
1740452870041 0.5021436810493469 166
1740452870160 0.4885360300540924 167
1740452870274 0.4946271777153015 168
1740452870374 0.5152587294578552 169
1740452870496 0.510597825050354 170
1740452870597 0.49440136551856995 171
1740452870713 0.5155140161514282 172
1740452870824 0.5062083005905151 173
1740452870925 0.5134080052375793 174
1740452871026 0.5055672526359558 175
1740452871141 0.49991700053215027 176
1740452871250 0.5069197416305542 177
1740452871374 0.5110308527946472 178
1740452871495 0.507075846195221 179
1740452871625 0.501903235912323 180
1740452871765 0.5078719854354858 181
1740452871885 0.5012937784194946 182
1740452871998 0.49200764298439026 183
1740452872096 0.4887271225452423 184
1740452872223 0.5143595933914185 185
1740452872325 0.48911309242248535 186
1740452872460 0.4954133629798889 187
1740452872579 0.49932587146759033 188
1740452872697 0.5077639818191528 189
1740452872807 0.5077496767044067 190
1740452872912 0.5187106728553772 191
1740452873018 0.5102512836456299 192
1740452873129 0.49042263627052307 193
1740452873243 0.5010994672775269 194
1740452873357 0.48990577459335327 195
1740452873458 0.49773722887039185 196
1740452873559 0.5127012133598328 197
1740452873674 0.49951037764549255 198
1740452873791 0.5168605446815491 199
