1740457535884 0.49789029359817505 0
1740457536002 0.6371307969093323 1
1740457536120 0.6202531456947327 2
1740457536216 0.6244725584983826 3
1740457536346 0.6202531456947327 4
1740457536457 0.6188467144966125 5
1740457536574 0.6174402236938477 6
1740457536683 0.6188467144966125 7
1740457536789 0.6188467144966125 8
1740457536899 0.6188467144966125 9
1740457537016 0.6188467144966125 10
1740457537136 0.6188467144966125 11
1740457537249 0.6188467144966125 12
1740457537370 0.6188467144966125 13
1740457537479 0.6188467144966125 14
1740457537615 0.6188467144966125 15
1740457537735 0.6188467144966125 16
1740457537847 0.6188467144966125 17
1740457537971 0.6188467144966125 18
1740457538086 0.6188467144966125 19
1740457538195 0.6188467144966125 20
1740457538304 0.6188467144966125 21
1740457538419 0.6188467144966125 22
1740457538532 0.6188467144966125 23
1740457538635 0.6188467144966125 24
1740457538754 0.6188467144966125 25
1740457538869 0.6188467144966125 26
1740457538982 0.6188467144966125 27
1740457539094 0.6188467144966125 28
1740457539201 0.6188467144966125 29
1740457539322 0.6188467144966125 30
1740457539424 0.6188467144966125 31
1740457539513 0.6188467144966125 32
1740457539643 0.6188467144966125 33
1740457539749 0.6188467144966125 34
1740457539871 0.6188467144966125 35
1740457539984 0.6188467144966125 36
1740457540097 0.6188467144966125 37
1740457540228 0.6188467144966125 38
1740457540353 0.6188467144966125 39
1740457540474 0.6188467144966125 40
1740457540587 0.6188467144966125 41
1740457540702 0.6188467144966125 42
1740457540818 0.6188467144966125 43
1740457540943 0.6188467144966125 44
1740457541052 0.6188467144966125 45
1740457541152 0.6188467144966125 46
1740457541265 0.6188467144966125 47
1740457541382 0.6188467144966125 48
1740457541488 0.6188467144966125 49
1740457541599 0.6188467144966125 50
1740457541720 0.6188467144966125 51
1740457541833 0.6188467144966125 52
1740457541937 0.6188467144966125 53
1740457542049 0.6188467144966125 54
1740457542164 0.6188467144966125 55
1740457542265 0.6188467144966125 56
1740457542382 0.6188467144966125 57
1740457542503 0.6188467144966125 58
1740457542636 0.6188467144966125 59
1740457542769 0.6188467144966125 60
1740457542902 0.6188467144966125 61
1740457543016 0.6188467144966125 62
1740457543141 0.6188467144966125 63
1740457543257 0.6188467144966125 64
1740457543366 0.6188467144966125 65
1740457543492 0.6188467144966125 66
1740457543602 0.6188467144966125 67
1740457543736 0.6188467144966125 68
