1740457535884 0.5519347786903381 0
1740457536002 0.5519347786903381 1
1740457536120 0.5519347786903381 2
1740457536216 0.5519347786903381 3
1740457536346 0.5519347786903381 4
1740457536457 0.5519347786903381 5
1740457536574 0.5519347786903381 6
1740457536683 0.5519347786903381 7
1740457536789 0.5519347786903381 8
1740457536899 0.5519347786903381 9
1740457537016 0.5519347786903381 10
1740457537136 0.5519347786903381 11
1740457537249 0.5519347786903381 12
1740457537370 0.5519347786903381 13
1740457537479 0.5519347786903381 14
1740457537615 0.5519347786903381 15
1740457537735 0.5519347786903381 16
1740457537847 0.5519347786903381 17
1740457537971 0.5519347786903381 18
1740457538086 0.5519347786903381 19
1740457538195 0.5519347786903381 20
1740457538304 0.5519347786903381 21
1740457538419 0.5519347786903381 22
1740457538532 0.5519347786903381 23
1740457538635 0.5519347786903381 24
1740457538754 0.5519347786903381 25
1740457538869 0.5519347786903381 26
1740457538982 0.5519347786903381 27
1740457539094 0.5519347786903381 28
1740457539201 0.5519347786903381 29
1740457539322 0.5519347786903381 30
1740457539424 0.5519347786903381 31
1740457539513 0.5519347786903381 32
1740457539643 0.5519347786903381 33
1740457539749 0.5519347786903381 34
1740457539871 0.5519347786903381 35
1740457539984 0.5519347786903381 36
1740457540097 0.5519347786903381 37
1740457540228 0.5519347786903381 38
1740457540353 0.5519347786903381 39
1740457540474 0.5519347786903381 40
1740457540587 0.5519347786903381 41
1740457540702 0.5519347786903381 42
1740457540818 0.5519347786903381 43
1740457540943 0.5519347786903381 44
1740457541052 0.5519347786903381 45
1740457541152 0.5519347786903381 46
1740457541265 0.5519347786903381 47
1740457541382 0.5519347786903381 48
1740457541488 0.5519347786903381 49
1740457541599 0.5519347786903381 50
1740457541720 0.5519347786903381 51
1740457541833 0.5519347786903381 52
1740457541937 0.5519347786903381 53
1740457542049 0.5519347786903381 54
1740457542164 0.5519347786903381 55
1740457542265 0.5519347786903381 56
1740457542382 0.5519347786903381 57
1740457542503 0.5519347786903381 58
1740457542636 0.5519347786903381 59
1740457542769 0.5519347786903381 60
1740457542902 0.5519347786903381 61
1740457543016 0.5519347786903381 62
1740457543141 0.5519347786903381 63
1740457543257 0.5519347786903381 64
1740457543366 0.5519347786903381 65
1740457543492 0.5519347786903381 66
1740457543602 0.5519347786903381 67
1740457543736 0.5519347786903381 68
