1740457535884 22.99232292175293 0
1740457536002 21.765745162963867 1
1740457536120 20.580286026000977 2
1740457536216 19.428211212158203 3
1740457536346 18.31112289428711 4
1740457536457 17.22657012939453 5
1740457536574 16.178001403808594 6
1740457536683 15.15962028503418 7
1740457536789 14.182975769042969 8
1740457536899 13.2377347946167 9
1740457537016 12.325824737548828 10
1740457537136 11.446075439453125 11
1740457537249 10.604608535766602 12
1740457537370 9.797173500061035 13
1740457537479 9.02548885345459 14
1740457537615 8.284098625183105 15
1740457537735 7.579399108886719 16
1740457537847 6.908547401428223 17
1740457537971 6.27218770980835 18
1740457538086 5.6677937507629395 19
1740457538195 5.103902339935303 20
1740457538304 4.57722806930542 21
1740457538419 4.077402591705322 22
1740457538532 3.610637664794922 23
1740457538635 3.1799378395080566 24
1740457538754 2.7907888889312744 25
1740457538869 2.432368516921997 26
1740457538982 2.1163597106933594 27
1740457539094 1.8269743919372559 28
1740457539201 1.577199935913086 29
1740457539322 1.359273910522461 30
1740457539424 1.1777427196502686 31
1740457539513 1.029647946357727 32
1740457539643 0.9125143885612488 33
1740457539749 0.8345288634300232 34
1740457539871 0.7835079431533813 35
1740457539984 0.762982964515686 36
1740457540097 0.7455273270606995 37
1740457540228 0.7280449271202087 38
1740457540353 0.7208649516105652 39
1740457540474 0.7144469618797302 40
1740457540587 0.7094374895095825 41
1740457540702 0.7045637369155884 42
1740457540818 0.6997854113578796 43
1740457540943 0.6970058679580688 44
1740457541052 0.691574215888977 45
1740457541152 0.6936181783676147 46
1740457541265 0.6913251876831055 47
1740457541382 0.694543719291687 48
1740457541488 0.6930291056632996 49
1740457541599 0.6924673318862915 50
1740457541720 0.6933854818344116 51
1740457541833 0.6891003251075745 52
1740457541937 0.6911274790763855 53
1740457542049 0.6914459466934204 54
1740457542164 0.690885603427887 55
1740457542265 0.6913256049156189 56
1740457542382 0.6936787366867065 57
1740457542503 0.6905272006988525 58
1740457542636 0.6905198097229004 59
1740457542769 0.6921516060829163 60
1740457542902 0.6904443502426147 61
1740457543016 0.6887547969818115 62
1740457543141 0.690991222858429 63
1740457543257 0.6920531392097473 64
1740457543366 0.6917722225189209 65
1740457543492 0.6919902563095093 66
1740457543602 0.6908631324768066 67
1740457543736 0.6934509873390198 68
