1740458468455 0.5555555820465088 0
1740458468576 0.6146273016929626 1
1740458468698 0.6216596364974976 2
1740458468786 0.6216596364974976 3
1740458468894 0.6188467144966125 4
1740458468993 0.6244725584983826 5
1740458469092 0.6216596364974976 6
1740458469186 0.6230661273002625 7
1740458469287 0.6174402236938477 8
1740458469388 0.6174402236938477 9
1740458469483 0.6188467144966125 10
1740458469587 0.6174402236938477 11
1740458469691 0.6174402236938477 12
1740458469791 0.6174402236938477 13
1740458469889 0.6216596364974976 14
1740458469993 0.6188467144966125 15
1740458470089 0.6174402236938477 16
1740458470189 0.6160337328910828 17
1740458470287 0.6188467144966125 18
1740458470381 0.6188467144966125 19
1740458470474 0.6188467144966125 20
1740458470598 0.6188467144966125 21
1740458470706 0.6216596364974976 22
1740458470806 0.6188467144966125 23
1740458470928 0.6174402236938477 24
1740458471022 0.6174402236938477 25
1740458471130 0.6174402236938477 26
1740458471234 0.6188467144966125 27
1740458471331 0.6188467144966125 28
1740458471428 0.6188467144966125 29
1740458471571 0.6188467144966125 30
1740458471673 0.6188467144966125 31
1740458471755 0.6188467144966125 32
1740458471880 0.6188467144966125 33
1740458471972 0.6174402236938477 34
1740458472075 0.6174402236938477 35
1740458472166 0.6188467144966125 36
1740458472253 0.6188467144966125 37
1740458472354 0.6188467144966125 38
1740458472454 0.6188467144966125 39
1740458472549 0.6188467144966125 40
1740458472641 0.6188467144966125 41
1740458472747 0.6188467144966125 42
1740458472843 0.6188467144966125 43
1740458472944 0.6188467144966125 44
1740458473041 0.6188467144966125 45
1740458473140 0.6188467144966125 46
1740458473240 0.6188467144966125 47
1740458473337 0.6188467144966125 48
1740458473433 0.6188467144966125 49
1740458473532 0.6202531456947327 50
1740458473634 0.6188467144966125 51
1740458473733 0.6188467144966125 52
1740458473833 0.6188467144966125 53
1740458473930 0.6202531456947327 54
1740458474024 0.6188467144966125 55
1740458474118 0.6188467144966125 56
1740458474221 0.6188467144966125 57
1740458474329 0.6188467144966125 58
1740458474464 0.6188467144966125 59
1740458474558 0.6188467144966125 60
1740458474661 0.6188467144966125 61
1740458474754 0.6202531456947327 62
1740458474854 0.6188467144966125 63
1740458474956 0.6188467144966125 64
1740458475055 0.6188467144966125 65
1740458475155 0.6188467144966125 66
1740458475258 0.6188467144966125 67
1740458475355 0.6188467144966125 68
1740458475458 0.6188467144966125 69
1740458475551 0.6188467144966125 70
1740458475654 0.6188467144966125 71
1740458475757 0.6202531456947327 72
1740458475859 0.6202531456947327 73
1740458475960 0.6188467144966125 74
1740458476057 0.6202531456947327 75
1740458476160 0.6188467144966125 76
1740458476260 0.6188467144966125 77
1740458476376 0.6202531456947327 78
1740458476477 0.6188467144966125 79
1740458476601 0.6202531456947327 80
1740458476704 0.6202531456947327 81
1740458476812 0.6188467144966125 82
1740458476922 0.6188467144966125 83
1740458477032 0.6188467144966125 84
1740458477140 0.6202531456947327 85
1740458477258 0.6216596364974976 86
1740458477358 0.6188467144966125 87
1740458477458 0.6230661273002625 88
1740458477578 0.6202531456947327 89
1740458477673 0.6174402236938477 90
1740458477772 0.6216596364974976 91
1740458477888 0.6188467144966125 92
1740458477989 0.6202531456947327 93
1740458478094 0.6174402236938477 94
1740458478208 0.6188467144966125 95
1740458478309 0.6216596364974976 96
1740458478410 0.6188467144966125 97
1740458478523 0.6230661273002625 98
1740458478626 0.6174402236938477 99
1740458478725 0.6216596364974976 100
1740458478827 0.6230661273002625 101
1740458478941 0.6188467144966125 102
1740458479044 0.6272855401039124 103
1740458479175 0.6272855401039124 104
1740458479277 0.6357243061065674 105
1740458479391 0.6329113841056824 106
1740458479492 0.6371307969093323 107
1740458479623 0.6329113841056824 108
1740458479733 0.6286919713020325 109
1740458479842 0.646976113319397 110
1740458479958 0.6455696225166321 111
1740458480060 0.6413502097129822 112
1740458480170 0.646976113319397 113
1740458480275 0.6483825445175171 114
1740458480391 0.6540084481239319 115
1740458480494 0.6610407829284668 116
1740458480604 0.6455696225166321 117
1740458480709 0.6680731177330017 118
1740458480804 0.6652601957321167 119
1740458480916 0.6835442781448364 120
1740458481010 0.6891701817512512 121
1740458481124 0.6582278609275818 122
1740458481224 0.6793248653411865 123
1740458481324 0.6905766725540161 124
1740458481426 0.694796085357666 125
1740458481524 0.6962025165557861 126
1740458481632 0.7060478329658508 127
1740458481724 0.700421929359436 128
1740458481823 0.6891701817512512 129
1740458481941 0.6905766725540161 130
1740458482041 0.7116736769676208 131
1740458482140 0.7229254841804504 132
1740458482250 0.7102672457695007 133
1740458482356 0.7299578189849854 134
1740458482456 0.7257384061813354 135
1740458482570 0.7271448373794556 136
1740458482674 0.7327707409858704 137
1740458482773 0.7285513281822205 138
1740458482892 0.7299578189849854 139
1740458483008 0.7566807270050049 140
1740458483108 0.7510548233985901 141
1740458483210 0.7398030757904053 142
1740458483311 0.746835470199585 143
1740458483402 0.7721518874168396 144
1740458483503 0.7580872178077698 145
1740458483602 0.7566807270050049 146
1740458483722 0.7777777910232544 147
1740458483825 0.7679324746131897 148
1740458483943 0.7651195526123047 149
1740458484042 0.7623066306114197 150
1740458484139 0.7749648094177246 151
1740458484241 0.7721518874168396 152
1740458484351 0.7637130618095398 153
1740458484458 0.7834036350250244 154
1740458484568 0.7805907130241394 155
1740458484674 0.7693389654159546 156
1740458484774 0.7890295386314392 157
1740458484868 0.7665260434150696 158
1740458484988 0.7890295386314392 159
1740458485091 0.797468364238739 160
1740458485208 0.7890295386314392 161
1740458485303 0.7876230478286743 162
1740458485423 0.7904360294342041 163
1740458485524 0.7876230478286743 164
1740458485627 0.8016877770423889 165
1740458485723 0.7749648094177246 166
1740458485840 0.794655442237854 167
1740458485939 0.7862166166305542 168
1740458486057 0.7904360294342041 169
1740458486160 0.8045006990432739 170
1740458486257 0.8059071898460388 171
1740458486351 0.7932489514350891 172
1740458486472 0.800281286239624 173
1740458486571 0.7960618734359741 174
1740458486677 0.7960618734359741 175
1740458486782 0.7918424606323242 176
1740458486891 0.797468364238739 177
1740458486991 0.8073136210441589 178
1740458487100 0.7960618734359741 179
1740458487207 0.794655442237854 180
1740458487324 0.800281286239624 181
1740458487440 0.7988747954368591 182
1740458487559 0.803094208240509 183
1740458487674 0.7960618734359741 184
1740458487789 0.800281286239624 185
1740458487908 0.800281286239624 186
1740458488002 0.8016877770423889 187
1740458488108 0.8045006990432739 188
1740458488248 0.7918424606323242 189
1740458488360 0.8073136210441589 190
1740458488492 0.8016877770423889 191
1740458488603 0.7988747954368591 192
1740458488707 0.803094208240509 193
1740458488801 0.797468364238739 194
1740458488906 0.8101266026496887 195
1740458489019 0.8059071898460388 196
1740458489124 0.8073136210441589 197
1740458489240 0.803094208240509 198
1740458489340 0.797468364238739 199
