1740458468455 0.5519347786903381 0
1740458468576 0.5519347786903381 1
1740458468698 0.5519347786903381 2
1740458468786 0.5519347786903381 3
1740458468894 0.5519347786903381 4
1740458468993 0.5519347786903381 5
1740458469092 0.5519347786903381 6
1740458469186 0.5519347786903381 7
1740458469287 0.5519347786903381 8
1740458469388 0.5519347786903381 9
1740458469483 0.5519347786903381 10
1740458469587 0.5519347786903381 11
1740458469691 0.5519347786903381 12
1740458469791 0.5519347786903381 13
1740458469889 0.5519347786903381 14
1740458469993 0.5519347786903381 15
1740458470089 0.5519347786903381 16
1740458470189 0.5519347786903381 17
1740458470287 0.5519347786903381 18
1740458470381 0.5519347786903381 19
1740458470474 0.5519347786903381 20
1740458470598 0.5519347786903381 21
1740458470706 0.5519347786903381 22
1740458470806 0.5519347786903381 23
1740458470928 0.5519347786903381 24
1740458471022 0.5519347786903381 25
1740458471130 0.5519347786903381 26
1740458471234 0.5519347786903381 27
1740458471331 0.5519347786903381 28
1740458471428 0.5519347786903381 29
1740458471571 0.5519347786903381 30
1740458471673 0.5519347786903381 31
1740458471755 0.5519347786903381 32
1740458471880 0.5519347786903381 33
1740458471972 0.5519347786903381 34
1740458472075 0.5519347786903381 35
1740458472166 0.5519347786903381 36
1740458472253 0.5519347786903381 37
1740458472354 0.5519347786903381 38
1740458472454 0.5519347786903381 39
1740458472549 0.5519347786903381 40
1740458472641 0.5519347786903381 41
1740458472747 0.5519347786903381 42
1740458472843 0.5519347786903381 43
1740458472944 0.5519347786903381 44
1740458473041 0.5519347786903381 45
1740458473140 0.5519347786903381 46
1740458473240 0.5519347786903381 47
1740458473337 0.5519347786903381 48
1740458473433 0.5519347786903381 49
1740458473532 0.5519347786903381 50
1740458473634 0.5519347786903381 51
1740458473733 0.5519347786903381 52
1740458473833 0.5519347786903381 53
1740458473930 0.5519347786903381 54
1740458474024 0.5519347786903381 55
1740458474118 0.5519347786903381 56
1740458474221 0.5519347786903381 57
1740458474329 0.5519347786903381 58
1740458474464 0.5519347786903381 59
1740458474558 0.5519347786903381 60
1740458474661 0.5519347786903381 61
1740458474754 0.5519347786903381 62
1740458474854 0.5519347786903381 63
1740458474956 0.5519347786903381 64
1740458475055 0.5519347786903381 65
1740458475155 0.5519347786903381 66
1740458475258 0.5519347786903381 67
1740458475355 0.5519347786903381 68
1740458475458 0.5519347786903381 69
1740458475551 0.5519347786903381 70
1740458475654 0.5519347786903381 71
1740458475757 0.5519347786903381 72
1740458475859 0.5519347786903381 73
1740458475960 0.5519347786903381 74
1740458476057 0.5519347786903381 75
1740458476160 0.5519347786903381 76
1740458476260 0.5519347786903381 77
1740458476376 0.5519347786903381 78
1740458476477 0.5519347786903381 79
1740458476601 0.5519347786903381 80
1740458476704 0.5519347786903381 81
1740458476812 0.5519347786903381 82
1740458476922 0.5519347786903381 83
1740458477032 0.5519347786903381 84
1740458477140 0.5519347786903381 85
1740458477258 0.5519347786903381 86
1740458477358 0.5519347786903381 87
1740458477458 0.5519347786903381 88
1740458477578 0.5519347786903381 89
1740458477673 0.5519347786903381 90
1740458477772 0.5519347786903381 91
1740458477888 0.5519347786903381 92
1740458477989 0.5519347786903381 93
1740458478094 0.5519347786903381 94
1740458478208 0.5519347786903381 95
1740458478309 0.5519347786903381 96
1740458478410 0.5519347786903381 97
1740458478523 0.5519347786903381 98
1740458478626 0.5519347786903381 99
1740458478725 0.5519347786903381 100
1740458478827 0.5519347786903381 101
1740458478941 0.5519347786903381 102
1740458479044 0.5519347786903381 103
1740458479175 0.5519347786903381 104
1740458479277 0.5519347786903381 105
1740458479391 0.5519347786903381 106
1740458479492 0.5519347786903381 107
1740458479623 0.5519347786903381 108
1740458479733 0.5519347786903381 109
1740458479842 0.5519347786903381 110
1740458479958 0.5519347786903381 111
1740458480060 0.5519347786903381 112
1740458480170 0.5519347786903381 113
1740458480275 0.5519347786903381 114
1740458480391 0.5519347786903381 115
1740458480494 0.5519347786903381 116
1740458480604 0.5519347786903381 117
1740458480709 0.5519347786903381 118
1740458480804 0.5519347786903381 119
1740458480916 0.5519347786903381 120
1740458481010 0.5519347786903381 121
1740458481124 0.5519347786903381 122
1740458481224 0.5519347786903381 123
1740458481324 0.5519347786903381 124
1740458481426 0.5519347786903381 125
1740458481524 0.5519347786903381 126
1740458481632 0.5519347786903381 127
1740458481724 0.5519347786903381 128
1740458481823 0.5519347786903381 129
1740458481941 0.5519347786903381 130
1740458482041 0.5519347786903381 131
1740458482140 0.5519347786903381 132
1740458482250 0.5519347786903381 133
1740458482356 0.5519347786903381 134
1740458482456 0.5519347786903381 135
1740458482570 0.5519347786903381 136
1740458482674 0.5519347786903381 137
1740458482773 0.5519347786903381 138
1740458482892 0.5519347786903381 139
1740458483008 0.5519347786903381 140
1740458483108 0.5519347786903381 141
1740458483210 0.5519347786903381 142
1740458483311 0.5519347786903381 143
1740458483402 0.5519347786903381 144
1740458483503 0.5519347786903381 145
1740458483602 0.5519347786903381 146
1740458483722 0.5519347786903381 147
1740458483825 0.5519347786903381 148
1740458483943 0.5519347786903381 149
1740458484042 0.5519347786903381 150
1740458484139 0.5519347786903381 151
1740458484241 0.5519347786903381 152
1740458484351 0.5519347786903381 153
1740458484458 0.5519347786903381 154
1740458484568 0.5519347786903381 155
1740458484674 0.5519347786903381 156
1740458484774 0.5519347786903381 157
1740458484868 0.5519347786903381 158
1740458484988 0.5519347786903381 159
1740458485091 0.5519347786903381 160
1740458485208 0.5519347786903381 161
1740458485303 0.5519347786903381 162
1740458485423 0.5519347786903381 163
1740458485524 0.5519347786903381 164
1740458485627 0.5519347786903381 165
1740458485723 0.5519347786903381 166
1740458485840 0.5519347786903381 167
1740458485939 0.5519347786903381 168
1740458486057 0.5519347786903381 169
1740458486160 0.5519347786903381 170
1740458486257 0.5519347786903381 171
1740458486351 0.5519347786903381 172
1740458486472 0.5519347786903381 173
1740458486571 0.5519347786903381 174
1740458486677 0.5519347786903381 175
1740458486782 0.5519347786903381 176
1740458486891 0.5519347786903381 177
1740458486991 0.5519347786903381 178
1740458487100 0.5519347786903381 179
1740458487207 0.5519347786903381 180
1740458487324 0.5519347786903381 181
1740458487440 0.5519347786903381 182
1740458487559 0.5519347786903381 183
1740458487674 0.5519347786903381 184
1740458487789 0.5519347786903381 185
1740458487908 0.5519347786903381 186
1740458488002 0.5519347786903381 187
1740458488108 0.5519347786903381 188
1740458488248 0.5519347786903381 189
1740458488360 0.5519347786903381 190
1740458488492 0.5519347786903381 191
1740458488603 0.5519347786903381 192
1740458488707 0.5519347786903381 193
1740458488801 0.5519347786903381 194
1740458488906 0.5519347786903381 195
1740458489019 0.5519347786903381 196
1740458489124 0.5519347786903381 197
1740458489240 0.5519347786903381 198
1740458489340 0.5519347786903381 199
