1740458468455 4.050978183746338 0
1740458468576 4.039383411407471 1
1740458468698 4.028266906738281 2
1740458468786 4.019829273223877 3
1740458468894 4.010731220245361 4
1740458468993 3.999488115310669 5
1740458469092 3.990880250930786 6
1740458469186 3.9805352687835693 7
1740458469287 3.973726272583008 8
1740458469388 3.9641294479370117 9
1740458469483 3.951730966567993 10
1740458469587 3.9448299407958984 11
1740458469691 3.937685489654541 12
1740458469791 3.9261863231658936 13
1740458469889 3.919501543045044 14
1740458469993 3.9076056480407715 15
1740458470089 3.9029955863952637 16
1740458470189 3.893045425415039 17
1740458470287 3.8815975189208984 18
1740458470381 3.875180721282959 19
1740458470474 3.866623640060425 20
1740458470598 3.857205629348755 21
1740458470706 3.850626230239868 22
1740458470806 3.8404691219329834 23
1740458470928 3.8337130546569824 24
1740458471022 3.826280117034912 25
1740458471130 3.8193681240081787 26
1740458471234 3.8106319904327393 27
1740458471331 3.799165964126587 28
1740458471428 3.7958414554595947 29
1740458471571 3.784564256668091 30
1740458471673 3.7762153148651123 31
1740458471755 3.7697558403015137 32
1740458471880 3.7625463008880615 33
1740458471972 3.753833055496216 34
1740458472075 3.7458863258361816 35
1740458472166 3.735788106918335 36
1740458472253 3.7277474403381348 37
1740458472354 3.722210168838501 38
1740458472454 3.715481996536255 39
1740458472549 3.7082221508026123 40
1740458472641 3.6985666751861572 41
1740458472747 3.688347101211548 42
1740458472843 3.6802031993865967 43
1740458472944 3.6746649742126465 44
1740458473041 3.664674997329712 45
1740458473140 3.6558997631073 46
1740458473240 3.6528773307800293 47
1740458473337 3.6469147205352783 48
1740458473433 3.6332433223724365 49
1740458473532 3.6290974617004395 50
1740458473634 3.6206138134002686 51
1740458473733 3.612653970718384 52
1740458473833 3.6052396297454834 53
1740458473930 3.5983545780181885 54
1740458474024 3.5922935009002686 55
1740458474118 3.5814096927642822 56
1740458474221 3.5775744915008545 57
1740458474329 3.5693624019622803 58
1740458474464 3.5611724853515625 59
1740458474558 3.555349826812744 60
1740458474661 3.5437419414520264 61
1740458474754 3.537015199661255 62
1740458474854 3.529078722000122 63
1740458474956 3.522351026535034 64
1740458475055 3.5156514644622803 65
1740458475155 3.506638765335083 66
1740458475258 3.5029265880584717 67
1740458475355 3.493411064147949 68
1740458475458 3.483781337738037 69
1740458475551 3.478473424911499 70
1740458475654 3.4728379249572754 71
1740458475757 3.463914155960083 72
1740458475859 3.4537513256073 73
1740458475960 3.4506335258483887 74
1740458476057 3.4403576850891113 75
1740458476160 3.435636043548584 76
1740458476260 3.4259612560272217 77
1740458476376 3.424243688583374 78
1740458476477 3.4112582206726074 79
1740458476601 3.4082374572753906 80
1740458476704 3.3972556591033936 81
1740458476812 3.388554334640503 82
1740458476922 3.3772847652435303 83
1740458477032 3.3787758350372314 84
1740458477140 3.3667514324188232 85
1740458477258 3.361377000808716 86
1740458477358 3.354128122329712 87
1740458477458 3.3444724082946777 88
1740458477578 3.335770845413208 89
1740458477673 3.3327863216400146 90
1740458477772 3.3239245414733887 91
1740458477888 3.320906639099121 92
1740458477989 3.3097612857818604 93
1740458478094 3.3030388355255127 94
1740458478208 3.2944204807281494 95
1740458478309 3.289304494857788 96
1740458478410 3.2793352603912354 97
1740458478523 3.276956081390381 98
1740458478626 3.2694432735443115 99
1740458478725 3.2571661472320557 100
1740458478827 3.2517664432525635 101
1740458478941 3.2449469566345215 102
1740458479044 3.2351348400115967 103
1740458479175 3.2303125858306885 104
1740458479277 3.224580764770508 105
1740458479391 3.2138712406158447 106
1740458479492 3.205773115158081 107
1740458479623 3.1971940994262695 108
1740458479733 3.1945226192474365 109
1740458479842 3.1862754821777344 110
1740458479958 3.178363084793091 111
1740458480060 3.1728765964508057 112
1740458480170 3.1607558727264404 113
1740458480275 3.1577696800231934 114
1740458480391 3.1512954235076904 115
1740458480494 3.1434414386749268 116
1740458480604 3.1395578384399414 117
1740458480709 3.124638080596924 118
1740458480804 3.114442825317383 119
1740458480916 3.1095728874206543 120
1740458481010 3.1080849170684814 121
1740458481124 3.1016812324523926 122
1740458481224 3.0909199714660645 123
1740458481324 3.083470582962036 124
1740458481426 3.079724073410034 125
1740458481524 3.072812557220459 126
1740458481632 3.0591583251953125 127
1740458481724 3.053185224533081 128
1740458481823 3.0486345291137695 129
1740458481941 3.043867826461792 130
1740458482041 3.0328123569488525 131
1740458482140 3.021949052810669 132
1740458482250 3.025604248046875 133
1740458482356 3.0099613666534424 134
1740458482456 3.0043323040008545 135
1740458482570 2.99603271484375 136
1740458482674 2.992952585220337 137
1740458482773 2.98545241355896 138
1740458482892 2.981562376022339 139
1740458483008 2.964153528213501 140
1740458483108 2.964928150177002 141
1740458483210 2.9589803218841553 142
1740458483311 2.9533276557922363 143
1740458483402 2.941615104675293 144
1740458483503 2.9401066303253174 145
1740458483602 2.93522310256958 146
1740458483722 2.9259395599365234 147
1740458483825 2.9183197021484375 148
1740458483943 2.9059669971466064 149
1740458484042 2.89509654045105 150
1740458484139 2.8877201080322266 151
1740458484241 2.887348175048828 152
1740458484351 2.8807811737060547 153
1740458484458 2.871659517288208 154
1740458484568 2.865706443786621 155
1740458484674 2.8633103370666504 156
1740458484774 2.851369619369507 157
1740458484868 2.854839563369751 158
1740458484988 2.8429291248321533 159
1740458485091 2.8366222381591797 160
1740458485208 2.837951421737671 161
1740458485303 2.8250112533569336 162
1740458485423 2.81272292137146 163
1740458485524 2.808739423751831 164
1740458485627 2.8078935146331787 165
1740458485723 2.796809196472168 166
1740458485840 2.787747621536255 167
1740458485939 2.786391258239746 168
1740458486057 2.782820463180542 169
1740458486160 2.7664294242858887 170
1740458486257 2.7699930667877197 171
1740458486351 2.757796287536621 172
1740458486472 2.759702205657959 173
1740458486571 2.752997875213623 174
1740458486677 2.744699001312256 175
1740458486782 2.7330214977264404 176
1740458486891 2.7357897758483887 177
1740458486991 2.72318434715271 178
1740458487100 2.730184316635132 179
1740458487207 2.7190487384796143 180
1740458487324 2.7099525928497314 181
1740458487440 2.706794261932373 182
1740458487559 2.698706865310669 183
1740458487674 2.6874682903289795 184
1740458487789 2.694948673248291 185
1740458487908 2.6916255950927734 186
1740458488002 2.675654888153076 187
1740458488108 2.6713337898254395 188
1740458488248 2.664212942123413 189
1740458488360 2.653700351715088 190
1740458488492 2.6451499462127686 191
1740458488603 2.649660348892212 192
1740458488707 2.6374545097351074 193
1740458488801 2.6278274059295654 194
1740458488906 2.6342544555664062 195
1740458489019 2.625551223754883 196
1740458489124 2.6255221366882324 197
1740458489240 2.614924907684326 198
1740458489340 2.611198663711548 199
